1,1547024802481,10.19,0.89,0.15
1,1547024802497,10.17,0.64,0.0
1,1547024802497,9.86,0.56,-0.35
1,1547024802497,9.51,0.56,-0.42
1,1547024802498,9.12,0.54,-0.58
1,1547024802498,8.75,0.42,-0.83
1,1547024802498,8.24,0.23,-1.19
1,1547024802563,8.16,0.42,-1.38
1,1547024802564,8.0,0.58,-1.6
1,1547024802564,7.89,0.72,-1.66
1,1547024802564,7.71,0.95,-1.93
1,1547024802564,7.73,0.85,-1.85
1,1547024802564,7.87,0.76,-1.69
1,1547024802564,8.04,0.72,-1.69
1,1547024802565,7.81,1.32,-0.85
1,1547024802631,7.2,1.85,-0.07
1,1547024802633,6.4,2.59,0.95
1,1547024802634,5.31,3.41,2.63
1,1547024802648,4.21,5.41,5.07
1,1547024802648,2.3,9.23,9.74
1,1547024802648,1.23,8.12,11.66
1,1547024802648,0.41,4.74,13.41
1,1547024802649,0.48,1.36,14.53
1,1547024802707,5.64,0.56,15.37
1,1547024802707,9.53,2.61,16.32
1,1547024802717,13.61,6.07,18.3
1,1547024802717,17.75,9.04,21.34
1,1547024802717,23.06,8.98,27.73
1,1547024802718,23.71,7.51,29.72
1,1547024802718,23.63,7.55,30.41
1,1547024802783,23.51,9.92,29.39
1,1547024802783,27.73,16.91,23.61
1,1547024802784,30.95,19.23,19.92
1,1547024802784,34.43,21.23,17.18
1,1547024802784,35.05,22.12,15.54
1,1547024802785,44.7,25.83,14.16
1,1547024802785,45.05,24.39,9.72
1,1547024802785,43.73,20.85,7.03
1,1547024802866,42.05,17.94,5.07
1,1547024802866,39.33,16.6,2.85
1,1547024802866,31.54,17.12,0.11
1,1547024802866,28.06,16.56,-0.52
1,1547024802867,24.82,15.44,-0.5
1,1547024802867,21.81,13.88,-0.46
1,1547024802867,16.95,10.87,-1.95
1,1547024802931,15.54,10.44,-3.08
1,1547024802931,15.17,10.76,-4.47
1,1547024802932,15.07,11.4,-6.11
1,1547024802932,14.25,9.17,-7.16
1,1547024802952,14.27,7.98,-7.44
1,1547024802953,14.7,7.4,-7.46
1,1547024802953,15.78,7.5,-7.34
1,1547024802953,18.37,8.73,-7.4
1,1547024803006,18.82,8.41,-7.32
1,1547024803006,19.02,7.63,-7.05
1,1547024803007,19.16,6.69,-6.87
1,1547024803007,19.58,6.21,-7.1
1,1547024803008,20.58,6.23,-8.2
1,1547024803017,20.62,5.93,-8.71
1,1547024803018,20.83,5.7,-8.86
1,1547024803081,21.58,5.99,-8.9
1,1547024803082,22.61,7.07,-8.1
1,1547024803082,22.3,6.42,-7.18
1,1547024803102,21.89,5.29,-6.23
1,1547024803102,21.46,4.08,-5.68
1,1547024803103,20.17,2.61,-4.45
1,1547024803103,19.43,2.14,-3.8
1,1547024803103,19.0,1.56,-3.26
1,1547024803167,18.28,0.76,-2.77
1,1547024803232,17.07,-0.35,-1.79
1,1547024803233,16.97,-0.66,-0.48
1,1547024803252,16.21,-2.73,0.64
1,1547024803307,14.55,-6.54,0.99
1,1547024803307,12.2,-17.08,1.6
1,1547024803307,9.98,-24.43,3.41
1,1547024803307,5.6,-30.58,4.51
1,1547024803319,0.74,-39.72,6.81
1,1547024803320,-5.99,-48.18,8.8
1,1547024803320,-8.04,-50.5,14.72
1,1547024803320,18.12,-41.19,5.33
1,1547024803383,16.99,-42.07,4.9
1,1547024803384,13.26,-40.27,4.25
1,1547024803384,6.17,-23.0,-1.09
1,1547024803384,12.38,-19.78,-0.85
1,1547024803384,20.0,-14.55,-0.91
1,1547024803385,28.41,-8.45,-0.8
1,1547024803385,43.53,1.13,-1.28
1,1547024803385,46.15,3.22,-1.46
1,1547024803470,48.75,6.6,-2.28
1,1547024803470,51.54,12.22,-3.73
1,1547024803470,48.18,13.51,-2.28
1,1547024803470,44.51,12.63,-1.19
1,1547024803471,41.95,11.26,-0.48
1,1547024803471,40.7,10.13,-0.05
1,1547024803471,38.96,10.21,-0.13
1,1547024803471,37.75,10.46,-0.7
1,1547024803612,36.79,10.17,-1.38
1,1547024803612,36.64,9.84,-2.14
1,1547024803613,36.56,10.46,-4.6
1,1547024803613,36.5,10.6,-5.64
1,1547024803613,35.83,11.54,-6.26
1,1547024803682,34.84,11.83,-6.62
1,1547024803683,33.35,10.99,-6.11
1,1547024803683,32.36,9.96,-4.62
1,1547024803683,31.09,8.8,-1.67
1,1547024803707,29.78,9.68,1.17
1,1547024803707,21.93,33.92,25.68
1,1547024803708,23.61,35.0,34.9
1,1547024803708,25.44,42.38,45.25
1,1547024803758,35.11,62.16,120.74
1,1547024803777,38.9,16.13,36.42
1,1547024803778,40.78,17.81,34.86
1,1547024803778,47.55,17.98,32.44
1,1547024803778,52.92,15.5,29.12
1,1547024803778,55.25,15.01,18.55
1,1547024803778,53.78,18.02,12.69
1,1547024803779,47.4,19.31,8.84
1,1547024803833,40.72,17.57,8.32
1,1547024803834,32.81,12.5,8.24
1,1547024803836,28.16,12.77,6.48
1,1547024803836,23.35,14.62,4.84
1,1547024803837,19.25,16.32,4.04
1,1547024803837,14.12,16.77,3.55
1,1547024803838,13.71,15.48,3.28
1,1547024803907,15.25,13.57,2.87
1,1547024803908,18.49,11.58,2.2
1,1547024803925,24.12,7.65,0.13
1,1547024803925,26.23,6.79,-1.56
1,1547024803926,26.91,7.36,-2.36
1,1547024803926,27.3,6.89,-3.26
1,1547024803926,27.48,5.85,-4.47
1,1547024803926,27.44,4.62,-6.79
1,1547024803982,26.81,5.31,-7.85
1,1547024803983,26.25,6.85,-8.67
1,1547024803983,25.85,8.18,-8.94
1,1547024803984,26.85,9.12,-8.41
1,1547024803984,27.71,8.92,-7.89
1,1547024803985,28.39,8.04,-7.16
1,1547024803985,29.41,7.36,-6.34
1,1547024803985,31.67,7.2,-5.56
1,1547024804068,32.3,7.1,-5.56
1,1547024804069,32.83,6.58,-5.89
1,1547024804069,33.06,5.78,-6.6
1,1547024804069,34.0,4.88,-7.81
1,1547024804069,33.76,3.96,-8.24
1,1547024804069,33.2,2.79,-7.87
1,1547024804070,32.98,2.26,-7.44
1,1547024804070,32.32,1.56,-7.51
1,1547024804236,28.86,-2.59,-6.54
1,1547024804237,26.32,-7.3,-5.82
1,1547024804239,24.1,-14.51,-3.76
1,1547024804240,20.87,-21.19,-2.77
1,1547024804241,15.35,-38.53,4.47
1,1547024804318,10.15,-42.89,2.14
1,1547024804320,4.14,-60.82,5.52
1,1547024804322,-2.83,-73.51,7.73
1,1547024804324,-3.55,-71.05,7.71
1,1547024804325,0.85,-65.87,8.1
1,1547024804327,9.7,-43.06,-1.66
1,1547024804327,8.35,-37.5,-1.87
1,1547024804329,0.48,-30.48,-3.26
1,1547024804364,0.95,-29.64,-2.63
1,1547024804396,32.42,-8.43,1.19
1,1547024804396,43.9,0.46,0.29
1,1547024804396,52.94,7.38,-1.19
1,1547024804397,52.85,5.41,-1.77
1,1547024804397,55.48,10.5,-1.36
1,1547024804397,59.25,19.39,-1.44
1,1547024804398,58.98,24.76,-1.3
1,1547024804449,50.66,16.91,0.6
1,1547024804450,50.91,15.78,0.56
1,1547024804450,49.37,15.93,-0.31
1,1547024804450,46.13,16.32,-0.76
1,1547024804450,43.88,16.87,-0.89
1,1547024804450,41.3,15.09,-0.19
1,1547024804451,40.29,14.04,-0.05
1,1547024804451,38.71,14.02,-0.66
1,1547024804510,36.83,14.14,-1.87
1,1547024804511,34.78,13.39,-3.86
1,1547024804511,33.76,12.61,-3.57
1,1547024804511,32.03,12.65,-2.83
1,1547024804528,29.96,13.39,-1.97
1,1547024804529,27.83,15.64,-4.23
1,1547024804529,26.99,17.2,-4.76
1,1547024804585,26.11,18.28,-0.5
1,1547024804586,24.37,20.25,4.12
1,1547024804587,17.36,21.77,19.1
1,1547024804587,15.25,23.47,23.06
1,1547024804587,11.79,27.2,22.26
1,1547024804588,8.41,33.14,20.03
1,1547024804588,16.07,50.46,31.21
1,1547024804589,25.64,73.37,97.42
1,1547024804665,28.51,71.69,113.18
1,1547024804666,40.09,41.81,60.62
1,1547024804667,25.19,3.16,39.86
1,1547024804667,31.07,23.92,42.81
1,1547024804668,33.39,28.53,42.18
1,1547024804668,33.04,16.83,40.46
1,1547024804669,39.0,11.77,36.71
1,1547024804669,47.89,17.4,26.58
1,1547024804735,50.56,17.91,22.28
1,1547024804737,53.63,17.46,19.19
1,1547024804737,55.52,16.54,17.18
1,1547024804738,49.02,20.42,10.7
1,1547024804739,40.29,19.25,7.3
1,1547024804740,34.08,16.73,6.09
1,1547024804741,30.33,16.11,5.25
1,1547024804744,23.94,17.32,3.06
1,1547024804811,21.36,16.34,2.57
1,1547024804812,19.68,14.23,2.2
1,1547024804813,18.67,11.89,1.13
1,1547024804832,18.45,8.71,-0.99
1,1547024804833,19.64,7.87,-1.6
1,1547024804834,21.38,7.61,-1.79
1,1547024804834,22.98,7.22,-1.81
1,1547024804835,24.0,5.91,-1.89
1,1547024804886,25.29,4.12,-3.28
1,1547024804887,25.29,3.82,-4.45
1,1547024804900,25.23,4.06,-5.66
1,1547024804902,24.88,4.72,-6.81
1,1547024804904,23.49,6.21,-7.44
1,1547024804905,24.25,7.01,-7.14
1,1547024804905,25.29,7.5,-6.54
1,1547024804966,26.03,7.79,-6.09
1,1547024804967,25.74,6.54,-4.78
1,1547024804967,25.82,5.62,-4.04
1,1547024804967,26.21,4.96,-3.55
1,1547024804968,26.54,4.31,-3.3
1,1547024804968,28.1,5.11,-3.63
1,1547024804988,28.47,5.76,-4.33
1,1547024804989,29.1,6.42,-5.03
1,1547024805035,29.76,6.93,-5.68
1,1547024805036,30.15,6.67,-6.23
1,1547024805039,30.03,5.01,-6.36
1,1547024805039,30.15,4.31,-5.82
1,1547024805040,30.05,3.55,-5.11
1,1547024805041,29.25,2.34,-3.86
1,1547024805042,24.39,-5.41,-1.13
1,1547024805111,20.78,-12.22,-0.29
1,1547024805113,17.14,-20.97,-0.29
1,1547024805114,13.69,-31.66,2.36
1,1547024805116,9.68,-52.22,-6.21
1,1547024805117,11.17,-50.35,-2.81
1,1547024805118,-4.0,-93.06,-1.09
1,1547024805119,-20.72,-154.49,6.32
1,1547024805120,9.31,-65.78,10.29
1,1547024805184,21.34,-37.07,-5.89
1,1547024805201,21.52,-36.07,-22.51
1,1547024805202,8.8,-66.66,-14.84
1,1547024805203,9.94,-67.89,0.11
1,1547024805203,18.55,-47.81,-2.32
1,1547024805204,20.05,-38.24,-2.03
1,1547024805204,17.91,-29.98,-2.98
1,1547024805205,20.39,-18.92,-3.92
1,1547024805263,27.12,-11.03,-5.91
1,1547024805265,29.29,-10.15,-6.17
1,1547024805266,33.53,-6.5,-5.66
1,1547024805286,42.3,-0.5,-4.94
1,1547024805286,54.9,2.71,-1.93
1,1547024805287,57.18,1.58,1.56
1,1547024805287,60.03,4.55,4.31
1,1547024805355,61.97,10.52,5.31
1,1547024805356,59.72,20.19,1.48
1,1547024805357,57.63,23.86,-1.87
1,1547024805358,53.69,24.19,-5.37
1,1547024805358,49.68,22.05,-7.53
1,1547024805359,46.23,18.12,-5.85
1,1547024805360,45.17,17.12,-3.22
1,1547024805360,44.37,15.48,-0.33
1,1547024805408,44.27,13.59,1.52
1,1547024805408,43.78,12.32,2.42
1,1547024805408,39.21,14.6,6.26
1,1547024805408,34.94,16.93,6.19
1,1547024805409,31.07,16.89,4.76
1,1547024805409,28.86,16.44,2.12
1,1547024805409,30.5,20.23,-5.31
1,1547024805487,30.13,21.38,-4.14
1,1547024805509,28.63,19.39,0.19
1,1547024805510,26.73,16.77,7.69
1,1547024805511,20.33,14.06,24.53
1,1547024805512,16.23,17.1,24.57
1,1547024805513,12.91,23.73,20.58
1,1547024805514,9.9,31.56,17.28
1,1547024805515,12.81,52.36,29.02
1,1547024805570,17.79,62.03,61.58
1,1547024805570,23.9,77.26,135.21
1,1547024805571,36.32,30.97,82.03
1,1547024805571,20.09,2.01,39.82
1,1547024805571,35.93,21.6,45.27
1,1547024805572,33.63,30.7,47.81
1,1547024805572,37.38,25.29,44.84
1,1547024805572,40.66,15.23,39.74
1,1547024805634,54.62,13.69,25.66
1,1547024805634,57.2,18.82,18.82
1,1547024805635,56.34,21.83,16.81
1,1547024805635,55.95,22.44,15.6
1,1547024805636,48.84,17.75,9.98
1,1547024805636,41.34,15.29,7.75
1,1547024805636,30.19,18.37,5.95
1,1547024805807,26.4,18.86,5.5
1,1547024805809,20.56,15.37,3.33
1,1547024805810,19.31,13.14,2.22
1,1547024805811,19.04,10.95,1.34
1,1547024805812,19.66,8.92,0.87
1,1547024805866,22.03,5.85,-0.42
1,1547024805867,23.35,5.23,-1.38
1,1547024805868,24.19,4.98,-2.36
1,1547024805869,24.68,4.96,-3.26
1,1547024805870,25.07,4.8,-5.0
1,1547024805871,26.44,7.05,-6.26
1,1547024805871,27.24,7.69,-6.28
1,1547024805872,27.96,8.22,-6.54
1,1547024805934,29.74,7.46,-5.83
1,1547024805935,32.63,7.22,-5.25
1,1547024805936,33.18,7.73,-5.5
1,1547024805936,33.86,7.32,-5.6
1,1547024805937,34.33,4.53,-5.78
1,1547024805938,33.59,3.37,-5.39
1,1547024805938,32.48,2.42,-4.57
1,1547024805939,30.42,-0.41,-4.08
1,1547024806009,26.71,-6.56,-4.17
1,1547024806025,18.61,-24.19,-0.35
1,1547024806025,17.77,-35.62,4.25
1,1547024806026,15.82,-47.63,0.74
1,1547024806026,4.04,-61.5,-1.99
1,1547024806026,-16.56,-86.81,-1.54
1,1547024806027,-18.92,-99.25,12.34
1,1547024806027,-14.72,-121.64,13.65
1,1547024806084,8.45,-92.18,16.56
1,1547024806107,19.27,-47.85,-7.14
1,1547024806108,14.29,-58.82,-5.72
1,1547024806108,10.93,-63.94,0.83
1,1547024806108,12.94,-55.31,2.65
1,1547024806108,11.05,-36.19,-3.59
1,1547024806108,8.12,-28.51,-5.19
1,1547024806109,8.32,-23.92,-6.38
1,1547024806163,11.71,-21.64,-6.32
1,1547024806164,23.86,-14.7,-1.91
1,1547024806166,33.2,-10.23,1.09
1,1547024806166,45.82,-4.68,3.35
1,1547024806167,54.0,-1.77,6.19
1,1547024806169,54.7,-3.49,7.94
1,1547024806170,57.85,4.14,2.81
1,1547024806235,59.96,10.78,-2.22
1,1547024806235,60.87,15.83,-4.82
1,1547024806236,58.67,17.67,-5.33
1,1547024806236,51.44,15.7,-0.72
1,1547024806236,47.38,15.8,1.5
1,1547024806236,43.35,15.44,2.28
1,1547024806237,41.13,14.47,1.73
1,1547024806237,41.01,12.05,-2.08
1,1547024806311,41.23,11.91,-4.14
1,1547024806312,41.23,11.89,-5.58
1,1547024806312,40.6,11.4,-6.32
1,1547024806312,39.86,11.17,-5.97
1,1547024806313,38.96,11.77,-4.57
1,1547024806313,36.81,13.78,-2.05
1,1547024806313,33.78,18.1,0.66
1,1547024806314,30.0,21.6,0.76
1,1547024806384,25.39,20.56,-0.76
1,1547024806385,25.76,20.74,-1.17
1,1547024806386,26.23,22.07,-0.54
1,1547024806387,26.26,25.54,2.22
1,1547024806388,19.94,32.28,16.32
1,1547024806388,17.77,32.92,22.69
1,1547024806389,16.93,36.62,26.83
1,1547024806537,19.12,43.63,30.93
1,1547024806537,31.5,56.3,55.15
1,1547024806565,37.77,61.73,90.17
1,1547024806566,38.37,53.04,75.48
1,1547024806566,24.78,15.19,45.35
1,1547024806617,38.0,-37.07,56.44
1,1547024806617,41.54,-15.54,58.53
1,1547024806639,34.96,5.62,52.18
1,1547024806640,37.48,11.32,44.66
1,1547024806640,43.51,14.98,37.16
1,1547024806641,28.55,14.86,8.32
1,1547024806641,23.88,14.9,8.63
1,1547024806641,20.5,16.71,9.27
1,1547024806684,16.87,16.75,7.77
1,1547024806684,26.28,11.15,-3.67
1,1547024806685,27.24,11.36,-4.66
1,1547024806685,27.08,11.07,-5.68
1,1547024806685,26.11,9.06,-6.54
1,1547024806685,25.78,5.89,-7.05
1,1547024806685,25.85,5.66,-6.71
1,1547024806686,25.8,6.01,-6.36
1,1547024806760,25.8,6.67,-5.83
1,1547024806762,26.85,7.75,-5.0
1,1547024806763,27.69,8.08,-4.66
1,1547024806764,28.84,8.75,-4.94
1,1547024806765,29.51,9.06,-5.09
1,1547024806766,30.54,6.91,-5.0
1,1547024806767,31.01,5.52,-4.82
1,1547024806767,31.4,4.62,-4.7
1,1547024806836,31.48,4.21,-4.72
1,1547024806853,32.2,4.6,-4.14
1,1547024806853,32.91,4.82,-3.78
1,1547024806853,33.43,4.88,-3.88
1,1547024806854,33.32,4.23,-3.67
1,1547024806854,33.14,2.96,-3.32
1,1547024806854,31.71,-0.64,-2.48
1,1547024806854,28.92,-5.7,-2.55
1,1547024806907,24.27,-14.35,-1.15
1,1547024806907,21.42,-20.83,0.76
1,1547024806907,14.19,-35.07,5.48
1,1547024806908,8.16,-45.62,4.02
1,1547024806932,0.89,-56.95,3.67
1,1547024806933,-7.4,-69.1,-0.46
1,1547024806933,-10.33,-89.7,10.52
1,1547024806985,-10.89,-112.85,11.44
1,1547024807004,4.94,-92.36,10.78
1,1547024807005,15.46,-58.0,-0.85
1,1547024807005,12.83,-58.04,-1.75
1,1547024807005,4.33,-60.82,0.41
1,1547024807006,1.93,-56.11,-0.46
1,1547024807006,1.28,-48.96,-1.64
1,1547024807006,1.07,-39.12,-2.91
1,1547024807059,7.55,-19.45,-3.71
1,1547024807059,12.26,-17.24,-3.94
1,1547024807059,17.61,-17.32,-3.39
1,1547024807059,23.8,-15.82,-2.51
1,1547024807060,43.73,-3.98,-0.66
1,1547024807060,52.89,0.48,0.29
1,1547024807060,56.54,-1.17,1.6
1,1547024807060,57.01,-2.92,2.59
1,1547024807135,58.8,4.25,-0.05
1,1547024807158,58.43,9.27,-2.5
1,1547024807159,56.46,12.75,-3.32
1,1547024807159,54.21,14.96,-2.81
1,1547024807160,51.71,16.05,-2.03
1,1547024807160,46.77,17.77,-1.83
1,1547024807160,43.65,17.77,-2.71
1,1547024807208,41.69,16.91,-4.0
1,1547024807215,41.42,15.48,-5.39
1,1547024807215,42.46,12.59,-6.69
1,1547024807215,43.37,12.42,-6.03
1,1547024807216,43.24,13.92,-4.43
1,1547024807216,39.19,15.99,-2.26
1,1547024807216,30.76,15.19,2.22
1,1547024807216,28.51,14.29,0.27
1,1547024807285,26.93,13.14,-2.77
1,1547024807286,27.1,12.73,-5.05
1,1547024807286,27.94,22.24,-3.96
1,1547024807286,24.78,26.89,3.47
1,1547024807287,20.87,29.45,8.59
1,1547024807287,16.44,29.72,11.05
1,1547024807287,13.67,30.68,15.13
1,1547024807288,17.28,44.49,24.64
1,1547024807357,22.44,55.64,32.22
1,1547024807358,26.15,60.7,43.3
1,1547024807358,29.6,59.7,57.05
1,1547024807366,40.72,54.74,61.23
1,1547024807366,31.26,10.91,48.18
1,1547024807367,39.49,-22.26,56.32
1,1547024807367,48.78,-22.03,59.1
1,1547024807435,37.22,15.31,41.95
1,1547024807450,41.81,22.71,34.74
1,1547024807450,47.83,23.55,29.92
1,1547024807451,52.48,18.98,25.87
1,1547024807451,53.82,19.66,14.02
1,1547024807451,46.07,21.09,7.4
1,1547024807451,37.51,18.86,4.25
1,1547024807452,28.18,13.86,4.94
1,1547024807508,24.53,13.0,5.99
1,1547024807517,17.98,12.12,7.32
1,1547024807517,15.83,11.15,6.75
1,1547024807517,14.84,10.5,5.64
1,1547024807518,15.5,10.68,4.08
1,1547024807518,19.37,9.72,2.22
1,1547024807583,21.73,8.49,1.42
1,1547024807602,23.92,7.42,0.31
1,1547024807602,26.62,7.61,-1.21
1,1547024807603,28.73,9.39,-4.57
1,1547024807603,27.87,8.32,-4.94
1,1547024807603,27.46,7.34,-5.09
1,1547024807603,28.1,7.03,-5.31
1,1547024807603,29.9,9.27,-6.91
1,1547024807657,30.0,10.17,-7.2
1,1547024807669,30.13,10.44,-7.32
1,1547024807669,30.5,9.88,-7.28
1,1547024807669,30.6,8.51,-7.26
1,1547024807669,30.39,4.8,-6.07
1,1547024807670,30.64,4.33,-5.87
1,1547024807670,30.87,4.66,-5.6
1,1547024807670,31.28,5.54,-5.46
1,1547024807735,32.96,7.57,-5.11
1,1547024807736,33.94,7.92,-4.96
1,1547024807737,34.62,7.24,-5.11
1,1547024807740,34.76,5.6,-5.21
1,1547024807741,33.3,2.14,-5.44
1,1547024807743,32.01,0.62,-4.64
1,1547024807744,30.93,-0.91,-4.02
1,1547024807745,29.0,-5.33,-3.47
1,1547024807811,20.31,-22.12,-1.67
1,1547024807812,19.37,-32.63,-0.87
1,1547024807812,17.79,-39.14,-3.33
1,1547024807812,8.33,-46.83,-4.08
1,1547024807812,-13.59,-73.55,-3.39
1,1547024807813,-19.51,-86.05,-4.14
1,1547024807813,-14.68,-93.0,-1.69
1,1547024807813,-1.26,-90.78,0.56
1,1547024807886,5.82,-83.63,-0.76
1,1547024807887,8.2,-65.72,-4.58
1,1547024807888,7.65,-60.74,-4.92
1,1547024807889,6.79,-57.48,-5.29
1,1547024807889,5.39,-52.77,-5.13
1,1547024807890,5.85,-40.19,-3.92
1,1547024807890,9.88,-32.79,-4.02
1,1547024807960,15.58,-23.71,-4.17
1,1547024807971,21.44,-15.17,-4.37
1,1547024807972,31.56,-7.81,-3.04
1,1547024807972,39.43,-5.27,-1.64
1,1547024807972,47.16,-2.08,0.0
1,1547024807972,51.07,-0.21,2.05
1,1547024807972,50.85,2.46,2.01
1,1547024807973,51.26,5.87,0.0
1,1547024808035,52.08,9.04,-2.3
1,1547024808054,52.44,11.52,-4.0
1,1547024808055,51.6,13.37,-4.6
1,1547024808055,46.28,12.73,-3.39
1,1547024808055,44.41,11.52,-2.59
1,1547024808055,43.45,10.62,-1.99
1,1547024808056,43.14,10.11,-1.93
1,1547024808056,42.2,10.19,-3.22
1,1547024808109,42.01,10.97,-3.96
1,1547024808121,42.22,11.83,-4.58
1,1547024808122,41.81,12.5,-4.74
1,1547024808122,38.22,14.08,-5.23
1,1547024808122,37.46,14.88,-5.17
1,1547024808122,36.11,15.13,-4.12
1,1547024808122,34.29,14.84,-3.02
1,1547024808183,30.48,12.38,-3.67
1,1547024808209,31.23,11.11,-4.31
1,1547024808209,33.37,11.85,-4.27
1,1547024808210,33.39,14.98,-1.34
1,1547024808210,29.45,19.57,2.16
1,1547024808210,21.54,28.59,16.07
1,1547024808211,19.66,32.07,19.92
1,1547024808260,17.91,35.37,19.62
1,1547024808261,19.76,43.41,21.87
1,1547024808278,31.85,61.03,53.63
1,1547024808279,47.55,88.08,158.49
1,1547024808279,35.01,52.85,97.67
1,1547024808279,10.85,-23.47,56.64
1,1547024808279,50.56,19.35,47.92
1,1547024808280,44.16,35.72,37.03
1,1547024808330,42.3,30.09,30.58
1,1547024808331,43.71,16.73,25.85
1,1547024808331,56.32,9.1,20.11
1,1547024808332,58.94,15.87,15.68
1,1547024808332,56.42,20.07,12.92
1,1547024808333,53.3,23.39,10.03
1,1547024808333,39.17,22.03,5.15
1,1547024808334,33.33,19.47,5.21
1,1547024808411,29.57,18.16,4.0
1,1547024808411,26.21,18.47,2.87
1,1547024808412,22.91,19.45,2.05
1,1547024808412,16.93,17.48,-0.29
1,1547024808413,15.01,15.15,-0.99
1,1547024808413,14.23,12.98,-1.46
1,1547024808414,14.45,11.11,-1.6
1,1547024808414,18.04,8.84,-1.95
1,1547024808483,20.41,8.3,-2.3
1,1547024808484,22.2,7.65,-2.92
1,1547024808484,23.45,6.87,-3.98
1,1547024808491,24.74,6.13,-6.38
1,1547024808492,24.98,6.21,-7.71
1,1547024808492,24.66,6.13,-8.51
1,1547024808492,24.25,6.93,-8.96
1,1547024808566,24.92,10.44,-9.66
1,1547024808567,25.23,11.48,-9.41
1,1547024808568,26.56,11.38,-8.59
1,1547024808569,28.06,10.68,-7.89
1,1547024808570,28.82,9.64,-7.44
1,1547024808571,29.19,6.66,-6.89
1,1547024808573,29.25,5.56,-6.81
1,1547024808574,29.08,5.25,-6.73
1,1547024808633,28.84,5.56,-6.91
1,1547024808634,28.9,6.83,-7.4
1,1547024808634,29.47,7.32,-7.57
1,1547024808634,29.57,7.14,-7.36
1,1547024808634,29.19,6.46,-6.19
1,1547024808634,28.55,4.43,-4.25
1,1547024808635,27.34,1.6,-4.17
1,1547024808713,25.39,-3.22,-4.06
1,1547024808717,23.12,-9.58,-3.18
1,1547024808719,17.75,-19.88,-1.03
1,1547024808720,15.5,-28.06,3.06
1,1547024808721,9.58,-32.36,2.22
1,1547024808722,3.94,-37.26,3.16
1,1547024808723,0.5,-50.0,3.3
1,1547024808724,-5.62,-74.35,0.07
1,1547024808785,-5.56,-86.56,-0.27
1,1547024808786,-0.42,-92.16,3.69
1,1547024808787,5.66,-80.87,4.27
1,1547024808788,7.94,-66.36,2.18
1,1547024808789,6.52,-64.86,0.27
1,1547024808790,5.39,-59.92,-2.14
1,1547024808790,4.64,-53.76,-4.0
1,1547024808791,5.03,-41.21,-4.21
1,1547024808937,7.98,-33.73,-2.79
1,1547024808938,13.98,-23.45,-1.58
1,1547024808939,21.44,-12.46,-1.56
1,1547024808939,33.53,-2.22,-0.93
1,1547024808940,40.31,0.95,-1.11
1,1547024809015,44.51,2.08,-1.3
1,1547024809017,47.85,1.66,-2.01
1,1547024809018,51.71,4.76,-3.78
1,1547024809020,51.66,7.01,-4.9
1,1547024809021,51.03,9.14,-5.5
1,1547024809087,41.21,11.83,-5.11
1,1547024809089,40.09,11.05,-5.54
1,1547024809091,38.2,11.3,-7.5
1,1547024809092,37.79,12.22,-8.32
1,1547024809092,35.72,11.95,-9.12
1,1547024809093,35.09,11.48,-8.8
1,1547024809094,32.4,10.27,-3.55
1,1547024809094,31.17,12.73,-1.79
1,1547024809159,29.51,15.78,-0.58
1,1547024809160,25.99,26.13,10.68
1,1547024809161,30.48,28.24,18.02
1,1547024809162,36.66,33.04,29.39
1,1547024809163,44.33,50.37,76.83
1,1547024809164,42.73,83.18,159.98
1,1547024809165,32.63,45.74,91.93
1,1547024809166,18.04,-13.08,45.74
1,1547024809234,67.57,20.13,56.95
1,1547024809235,48.53,30.5,44.76
1,1547024809235,40.78,29.17,33.35
1,1547024809236,44.41,14.39,28.92
1,1547024809236,61.23,12.61,16.48
1,1547024809237,54.62,16.32,12.16
1,1547024809237,43.59,17.67,9.74
1,1547024809237,38.16,18.59,7.36
1,1547024809310,27.08,14.62,4.98
1,1547024809311,24.23,14.86,4.29
1,1547024809311,21.44,14.6,4.29
1,1547024809312,19.02,13.16,4.55
1,1547024809312,17.61,10.82,4.39
1,1547024809312,17.38,7.28,2.16
1,1547024809313,18.39,6.64,0.93
1,1547024809313,19.37,5.93,-0.27
1,1547024809384,20.46,5.39,-0.95
1,1547024809386,23.22,5.56,-2.61
1,1547024809386,24.76,6.3,-3.63
1,1547024809387,25.95,7.18,-4.74
1,1547024809387,26.5,7.36,-5.64
1,1547024809388,27.48,7.34,-6.66
1,1547024809388,27.53,7.92,-7.53
1,1547024809463,27.46,8.73,-8.24
1,1547024809465,27.55,9.41,-8.39
1,1547024809467,28.76,10.01,-7.89
1,1547024809468,29.1,8.92,-7.2
1,1547024809469,29.49,7.69,-6.56
1,1547024809470,30.21,7.01,-6.09
1,1547024809471,30.99,6.99,-5.99
1,1547024809472,32.08,8.37,-6.25
1,1547024809536,33.02,9.14,-6.54
1,1547024809536,34.14,9.64,-6.93
1,1547024809537,35.19,9.68,-7.07
1,1547024809537,36.56,8.1,-6.17
1,1547024809538,36.44,6.73,-5.15
1,1547024809538,35.83,5.19,-4.1
1,1547024809539,34.17,1.28,-4.12
1,1547024809549,27.85,-13.84,-4.49
1,1547024809608,22.4,-20.48,-3.3
1,1547024809609,18.59,-25.33,1.25
1,1547024809633,15.66,-26.95,-0.44
1,1547024809634,5.17,-32.55,-1.95
1,1547024809634,0.64,-41.97,-0.01
1,1547024809635,-2.46,-54.25,1.36
1,1547024809635,-3.35,-68.35,0.95
1,1547024809687,-0.44,-100.07,-0.99
1,1547024809687,-2.71,-93.8,3.1
1,1547024809698,-3.33,-79.17,1.64
1,1547024809698,-1.13,-71.07,0.37
1,1547024809699,2.4,-69.39,-1.03
1,1547024809699,2.44,-70.97,-5.09
1,1547024809699,2.85,-62.71,-6.28
1,1547024809757,6.5,-52.16,-4.94
1,1547024809758,12.4,-43.82,-2.63
1,1547024809759,28.02,-29.17,-0.41
1,1547024809759,37.92,-16.64,-0.42
1,1547024809759,47.63,-2.07,-2.55
1,1547024809766,55.39,6.67,-2.87
1,1547024809767,54.76,1.03,-1.03
1,1547024809767,54.92,-1.52,0.35
1,1547024809832,55.68,1.05,0.27
1,1547024809832,56.62,5.25,-0.66
1,1547024809912,54.21,10.39,-1.5
1,1547024809941,51.91,11.46,-2.08
1,1547024809943,50.8,12.22,-3.28
1,1547024809944,49.19,13.28,-4.12
1,1547024809945,44.16,14.35,-3.53
1,1547024809946,41.83,13.94,-3.71
1,1547024809947,39.9,12.69,-4.02
1,1547024809948,39.25,11.83,-4.47
1,1547024809987,39.96,11.54,-5.19
1,1547024809989,40.78,10.23,-6.54
1,1547024809990,38.39,7.77,-2.5
1,1547024809991,37.61,9.68,-0.58
1,1547024809991,35.46,14.1,3.53
1,1547024809992,31.07,18.67,7.32
1,1547024809993,21.81,18.41,5.35
1,1547024809994,22.16,17.75,2.42
1,1547024810060,26.28,20.0,0.99
1,1547024810061,31.62,36.32,32.51
1,1547024810061,28.45,36.81,47.03
1,1547024810062,28.45,40.72,58.92
1,1547024810062,32.94,59.88,127.83
1,1547024810062,24.64,24.12,159.51
1,1547024810063,18.59,5.48,58.33
1,1547024810063,38.96,12.2,49.66
1,1547024810143,48.14,28.69,41.13
1,1547024810144,49.55,28.94,35.41
1,1547024810145,50.01,7.18,33.88
1,1547024810147,58.22,6.87,29.23
1,1547024810148,64.29,13.1,22.2
1,1547024810149,62.4,18.61,16.77
1,1547024810207,49.66,18.75,8.88
1,1547024810208,42.24,16.09,6.54
1,1547024810208,35.29,14.94,5.23
1,1547024810209,29.84,15.27,4.6
1,1547024810219,22.18,15.48,3.86
1,1547024810219,19.88,13.86,2.83
1,1547024810219,18.26,11.77,1.42
1,1547024810220,17.34,9.98,-0.15
1,1547024810286,18.71,8.37,-2.67
1,1547024810307,20.5,7.96,-3.08
1,1547024810307,22.4,7.4,-3.12
1,1547024810308,23.57,6.48,-3.3
1,1547024810309,24.68,5.33,-3.69
1,1547024810309,27.28,5.76,-5.29
1,1547024810310,27.34,5.54,-5.76
1,1547024810362,26.89,5.29,-5.83
1,1547024810364,26.5,5.72,-6.21
1,1547024810366,25.97,6.81,-6.71
1,1547024810367,26.11,6.81,-6.71
1,1547024810368,26.58,6.81,-6.25
1,1547024810370,27.22,7.1,-5.82
1,1547024810372,28.3,7.12,-5.17
1,1547024810373,28.37,6.3,-4.57
1,1547024810432,29.1,5.31,-4.08
1,1547024810434,29.55,4.7,-4.14
1,1547024810435,29.37,4.53,-4.53
1,1547024810435,29.39,4.62,-5.0
1,1547024810436,29.39,4.86,-5.62
1,1547024810436,29.29,5.03,-5.72
1,1547024810436,29.78,5.21,-3.75
1,1547024810436,29.62,4.9,-2.46
1,1547024810512,28.69,2.48,-1.58
1,1547024810527,26.91,-2.08,-1.07
1,1547024810529,20.44,-13.06,-0.6
1,1547024810530,16.09,-20.17,0.54
1,1547024810530,15.23,-26.58,3.59
1,1547024810531,10.17,-25.42,0.62
1,1547024810532,0.42,-42.79,2.85
1,1547024810533,-2.44,-59.57,3.33
1,1547024810595,-3.49,-69.72,1.85
1,1547024810596,-0.48,-81.75,-0.99
1,1547024810597,7.12,-98.33,16.6
1,1547024810598,8.06,-66.19,-0.19
1,1547024810599,5.31,-55.54,-9.8
1,1547024810600,-1.26,-64.9,-7.42
1,1547024810601,-5.09,-70.29,-3.59
1,1547024810601,-0.91,-55.44,-3.94
1,1547024810662,-1.11,-48.51,-3.14
1,1547024810663,1.64,-41.09,-2.48
1,1547024810664,7.61,-33.41,-1.71
1,1547024810664,23.61,-13.59,-0.99
1,1547024810665,30.27,-6.73,-1.81
1,1547024810666,35.15,-2.96,-2.07
1,1547024810666,42.57,0.31,-2.2
1,1547024810748,52.32,-0.68,-2.32
1,1547024810749,54.53,-1.62,-2.89
1,1547024810750,57.2,1.89,-3.92
1,1547024810750,59.14,8.2,-5.07
1,1547024810750,52.55,15.91,-3.96
1,1547024810751,46.25,13.94,-2.98
1,1547024810751,42.48,10.39,-2.4
1,1547024810752,41.64,7.26,-2.05
1,1547024810970,41.66,5.76,-1.91
1,1547024810973,41.48,7.38,-2.44
1,1547024810974,41.34,9.02,-2.98
1,1547024810974,40.82,10.62,-3.71
1,1547024810975,39.55,12.03,-4.76
1,1547024811047,38.2,12.24,-6.75
1,1547024811047,39.04,12.01,-7.83
1,1547024811047,40.15,12.01,-8.53
1,1547024811048,40.19,12.34,-8.75
1,1547024811048,26.03,24.1,0.07
1,1547024811048,38.06,3.28,55.0
1,1547024811048,45.89,28.47,47.53
1,1547024811049,38.69,30.89,40.68
1,1547024811106,44.53,11.83,29.78
1,1547024811107,41.44,20.0,9.41
1,1547024811107,36.56,17.63,7.48
1,1547024811107,31.73,17.28,5.78
1,1547024811107,27.81,19.19,4.25
1,1547024811125,24.57,20.48,3.92
1,1547024811125,20.78,17.4,2.65
1,1547024811125,19.62,14.58,1.83
1,1547024811185,19.21,12.57,0.44
1,1547024811210,19.55,11.15,-0.91
1,1547024811211,22.22,9.55,-2.2
1,1547024811212,24.04,9.39,-2.63
1,1547024811212,25.31,9.06,-3.3
1,1547024811213,25.82,7.44,-4.0
1,1547024811214,27.28,5.82,-5.89
1,1547024811214,27.14,6.11,-6.52
1,1547024811257,26.67,6.48,-6.99
1,1547024811258,26.73,7.34,-7.14
1,1547024811276,27.16,10.0,-7.5
1,1547024811276,27.92,10.17,-7.48
1,1547024811276,28.43,10.68,-7.53
1,1547024811277,28.8,10.78,-7.08
1,1547024811277,30.46,8.98,-6.13
1,1547024811277,31.25,8.06,-5.97
1,1547024811416,31.34,7.14,-5.76
1,1547024811429,30.78,6.26,-5.56
1,1547024811429,30.42,6.4,-5.6
1,1547024811429,30.11,7.87,-6.38
1,1547024811430,29.96,7.96,-6.6
1,1547024811487,30.19,7.81,-6.5
1,1547024811489,30.66,7.4,-6.48
1,1547024811490,31.05,5.68,-5.44
1,1547024811561,30.5,3.06,-4.12
1,1547024811563,6.01,-40.76,1.93
1,1547024811564,-3.8,-74.9,-3.22
1,1547024811564,-9.12,-114.86,21.97
1,1547024811565,10.21,-99.47,27.44
1,1547024811565,18.67,-57.75,2.61
1,1547024811566,10.19,-47.94,-7.32
1,1547024811566,0.01,-46.54,-6.6
1,1547024811633,1.01,-41.67,-6.36
1,1547024811708,35.89,-1.44,-4.14
1,1547024811708,43.35,2.81,-1.87
1,1547024811792,47.07,1.5,1.11
1,1547024811793,45.58,-2.51,1.46
1,1547024811794,47.16,-0.83,-0.56
1,1547024811795,49.68,5.52,-4.37
1,1547024811815,50.91,9.64,-7.3
1,1547024811816,49.51,8.51,-7.26
1,1547024811816,48.1,8.94,-5.15
1,1547024811861,47.24,10.42,-2.87
1,1547024811862,40.11,12.67,4.8
1,1547024811863,31.62,9.78,7.85
1,1547024811863,34.82,16.23,22.44
1,1547024811864,34.8,17.75,25.76
1,1547024811933,34.16,17.94,25.78
1,1547024811948,33.26,16.93,23.51
1,1547024811948,39.33,20.13,15.62
1,1547024811948,49.06,24.58,12.5
1,1547024811948,58.22,32.69,18.75
1,1547024811949,28.65,31.97,22.81
1,1547024811949,26.66,36.21,62.46
1,1547024811949,29.82,41.34,120.82
1,1547024812006,13.32,8.02,46.26
1,1547024812014,12.2,-3.84,4.12
1,1547024812015,18.94,1.62,10.42
1,1547024812015,17.85,16.23,6.4
1,1547024812015,13.18,25.72,-0.29
1,1547024812015,11.3,12.51,-0.82
1,1547024812016,11.85,4.82,-0.29
1,1547024812016,13.02,5.0,-0.87
1,1547024812084,13.76,9.25,-2.4
1,1547024812085,14.23,8.59,-5.46
1,1547024812085,13.18,5.76,-5.13
1,1547024812086,11.83,4.25,-5.15
1,1547024812086,9.76,5.27,-6.09
1,1547024812086,10.15,7.53,-6.46
1,1547024812087,11.58,10.31,-7.2
1,1547024812087,13.0,12.71,-8.04
1,1547024812169,13.39,12.42,-7.38
1,1547024812169,12.69,10.01,-6.26
1,1547024812169,11.83,8.2,-5.27
1,1547024812169,11.5,7.83,-4.86
1,1547024812170,11.38,8.24,-4.94
1,1547024812170,11.19,7.22,-4.86
1,1547024812170,10.58,5.54,-4.62
1,1547024812170,9.84,3.39,-3.92
