1,1548326512235,6.13,5.56,2.05
1,1548326512235,6.01,5.72,2.01
1,1548326512235,5.95,5.5,2.08
1,1548326512236,6.13,5.29,2.3
1,1548326512236,6.64,5.39,2.5
1,1548326512236,6.71,5.46,2.53
1,1548326512236,6.69,5.39,2.73
1,1548326512308,6.64,5.35,2.73
1,1548326512308,6.67,5.54,2.79
1,1548326512321,6.62,5.68,2.83
1,1548326512322,6.15,5.56,2.87
1,1548326512322,5.74,5.37,3.1
1,1548326512322,5.56,5.87,3.37
1,1548326512322,5.31,6.6,3.57
1,1548326512383,4.68,7.34,3.94
1,1548326512386,4.27,8.06,4.66
1,1548326512387,4.94,9.58,5.5
1,1548326512387,5.52,9.72,5.6
1,1548326512387,6.05,9.43,5.64
1,1548326512388,6.44,8.94,5.68
1,1548326512388,7.18,8.08,5.33
1,1548326512388,6.95,7.65,5.01
1,1548326512457,6.42,6.67,4.8
1,1548326512458,6.36,5.29,4.88
1,1548326512458,8.0,3.67,5.01
1,1548326512458,8.49,3.69,4.57
1,1548326512468,8.59,3.71,4.14
1,1548326512468,8.28,3.43,3.73
1,1548326512468,7.07,2.32,3.8
1,1548326512533,6.85,2.32,3.47
1,1548326512533,6.83,2.94,2.85
1,1548326512534,6.85,3.9,2.01
1,1548326512549,7.1,5.97,0.31
1,1548326512550,7.71,7.01,-0.09
1,1548326512550,8.63,7.44,-0.78
1,1548326512550,9.51,7.38,-0.19
1,1548326512550,8.57,8.39,1.54
1,1548326512610,7.01,9.53,2.01
1,1548326512611,5.78,10.33,1.62
1,1548326512611,5.25,10.09,1.09
1,1548326512611,7.01,6.4,0.07
1,1548326512612,7.85,4.7,-0.13
1,1548326512612,8.37,4.0,-0.39
1,1548326512613,8.8,4.68,-1.19
1,1548326512613,7.4,9.08,-1.46
1,1548326512684,6.95,9.78,-1.05
1,1548326512684,7.79,6.52,-1.46
1,1548326512685,7.85,2.57,-2.22
1,1548326512685,7.59,0.95,-0.19
1,1548326512685,7.14,3.59,-0.27
1,1548326512685,6.32,7.28,-0.62
1,1548326512686,5.68,8.49,-1.05
1,1548326512760,5.7,5.46,-0.07
1,1548326512761,5.03,4.45,0.64
1,1548326512761,4.25,3.8,0.35
1,1548326512761,4.16,3.82,-0.03
1,1548326512762,4.7,4.66,-0.58
1,1548326512762,5.48,5.7,-0.58
1,1548326512762,6.23,6.79,-0.62
1,1548326512834,6.75,7.55,-0.72
1,1548326512834,7.32,8.08,-1.03
1,1548326512834,7.44,7.81,-1.09
1,1548326512835,7.55,7.67,-1.01
1,1548326512835,7.65,7.59,-1.52
1,1548326512835,8.14,4.6,-1.99
1,1548326512836,9.29,3.88,-2.36
1,1548326512836,10.46,4.12,-2.26
1,1548326512909,11.13,5.07,-2.2
1,1548326512910,11.09,7.1,-2.4
1,1548326512917,10.54,6.75,-1.97
1,1548326512917,9.96,5.89,-1.58
1,1548326512917,9.25,4.96,-1.5
1,1548326512917,9.35,3.06,-2.1
1,1548326512918,9.76,2.32,-1.97
1,1548326512983,9.33,2.08,-1.58
1,1548326512983,8.82,2.59,-1.5
1,1548326512984,8.28,3.73,-0.46
1,1548326512985,7.91,3.86,0.09
1,1548326512985,7.61,3.02,0.25
1,1548326512985,7.32,1.97,0.66
1,1548326512986,7.32,1.89,-0.17
1,1548326512986,8.12,2.34,-1.09
1,1548326513058,9.35,3.28,-2.36
1,1548326513060,9.88,4.72,-3.73
1,1548326513060,10.33,5.42,-4.57
1,1548326513061,10.87,5.25,-3.78
1,1548326513061,9.57,6.21,-3.75
1,1548326513061,8.71,7.96,-4.23
1,1548326513062,9.0,8.86,-5.85
1,1548326513132,9.14,6.99,-5.85
1,1548326513133,9.43,5.21,-5.97
1,1548326513133,9.23,3.92,-5.42
1,1548326513138,8.8,2.51,-3.92
1,1548326513138,7.83,3.35,-4.12
1,1548326513138,8.61,4.25,-5.78
1,1548326513139,8.57,5.62,-5.91
1,1548326513139,9.45,3.26,-6.19
1,1548326513209,8.65,4.1,-5.6
1,1548326513210,9.29,5.54,-5.17
1,1548326513211,9.7,5.42,-4.57
1,1548326513211,9.02,4.04,-4.0
1,1548326513211,8.61,3.22,-3.32
1,1548326513211,8.88,3.32,-3.47
1,1548326513212,8.65,3.57,-3.61
1,1548326513283,9.23,3.82,-3.63
1,1548326513284,10.27,5.62,-2.16
1,1548326513284,8.82,6.46,-1.01
1,1548326513289,8.35,5.95,-0.7
1,1548326513290,8.41,4.84,-0.7
1,1548326513290,7.92,3.04,-1.6
1,1548326513291,8.16,2.98,-2.51
1,1548326513291,8.75,3.69,-3.1
1,1548326513359,8.8,4.53,-3.16
1,1548326513360,8.61,3.78,-2.07
1,1548326513361,7.87,2.79,-1.25
1,1548326513361,7.51,1.97,-0.89
1,1548326513373,8.1,1.64,-1.05
1,1548326513373,9.39,2.42,-0.07
1,1548326513373,8.08,4.1,-1.85
1,1548326513439,8.75,4.19,-2.1
1,1548326513439,8.88,4.41,-2.18
1,1548326513440,7.53,4.57,-2.91
1,1548326513440,7.53,4.7,-3.12
1,1548326513440,7.79,5.0,-3.1
1,1548326513440,7.79,5.35,-3.1
1,1548326513440,7.22,5.82,-3.43
1,1548326513441,7.3,5.39,-3.37
1,1548326513508,7.65,4.55,-3.1
1,1548326513510,7.75,4.1,-2.75
1,1548326513510,7.36,4.41,-3.04
1,1548326513510,7.42,4.76,-3.06
1,1548326513524,7.14,4.55,-3.16
1,1548326513525,6.87,4.66,-2.87
1,1548326513525,7.26,4.88,-2.69
1,1548326513583,7.55,4.92,-2.2
1,1548326513584,7.75,4.94,-1.66
1,1548326513585,7.85,5.05,-1.52
1,1548326513586,7.85,6.38,-2.4
1,1548326513586,7.69,6.58,-2.69
1,1548326513586,7.36,6.07,-2.32
1,1548326513587,7.18,5.25,-1.89
1,1548326513587,7.67,4.53,-1.34
1,1548326513659,7.92,4.55,-0.97
1,1548326513659,8.02,4.62,-0.6
1,1548326513660,8.0,4.86,-1.11
1,1548326513660,7.91,5.44,-2.12
1,1548326513660,7.69,5.64,-2.91
1,1548326513660,7.85,5.72,-2.83
1,1548326513661,8.02,5.87,-2.51
1,1548326513738,8.75,6.99,-3.88
1,1548326513808,8.84,7.1,-3.67
1,1548326513883,8.43,6.6,-2.85
1,1548326513883,8.0,5.85,-2.05
1,1548326513884,8.28,5.15,-1.71
1,1548326513885,8.67,5.39,-2.1
1,1548326513885,9.0,6.03,-2.87
1,1548326513886,9.1,6.66,-3.57
1,1548326513886,7.75,6.58,-2.71
1,1548326513886,7.07,6.15,-2.16
1,1548326513959,7.57,6.3,-3.53
1,1548326513960,7.44,5.6,-1.11
1,1548326513960,6.97,5.39,-1.3
1,1548326513961,6.81,5.78,-0.76
1,1548326513961,6.62,5.95,-0.41
1,1548326513978,6.6,6.26,-0.29
1,1548326513979,6.62,6.54,-0.42
1,1548326513979,6.48,7.28,-0.93
1,1548326514033,6.11,7.87,-0.56
1,1548326514033,5.76,7.91,-0.25
1,1548326514034,5.68,7.75,0.07
1,1548326514034,7.24,7.89,0.0
1,1548326514045,7.59,7.4,0.64
1,1548326514045,7.79,6.95,1.26
1,1548326514045,7.89,7.05,1.44
1,1548326514045,7.79,7.96,1.03
1,1548326514108,7.61,8.49,0.74
1,1548326514108,7.36,8.41,0.42
1,1548326514108,7.12,8.37,-0.05
1,1548326514109,7.18,8.35,-0.82
1,1548326514109,6.79,7.55,-1.36
1,1548326514112,6.67,6.3,-1.34
1,1548326514112,6.97,5.23,-0.97
1,1548326514112,6.48,4.76,-1.3
1,1548326514184,6.13,5.89,-2.08
1,1548326514184,5.97,6.67,-2.89
1,1548326514185,6.01,7.4,-3.12
1,1548326514185,6.17,7.38,-4.04
1,1548326514186,5.83,6.38,-5.39
1,1548326514196,5.5,5.85,-6.3
1,1548326514197,5.89,4.96,-4.78
1,1548326514197,8.08,2.75,-0.72
1,1548326514259,9.17,3.37,0.17
1,1548326514260,9.94,4.21,0.99
1,1548326514260,10.87,5.54,1.38
1,1548326514261,11.32,6.34,2.85
1,1548326514261,11.66,4.68,3.84
1,1548326514262,12.1,2.48,4.84
1,1548326514262,11.99,0.09,8.94
1,1548326514333,11.99,-0.33,6.79
1,1548326514334,11.97,2.08,4.53
1,1548326514334,11.79,4.29,2.26
1,1548326514335,11.25,6.03,-0.54
1,1548326514336,11.21,7.57,-2.22
1,1548326514336,12.4,8.37,-2.55
1,1548326514337,11.73,8.86,-5.87
1,1548326514337,10.66,8.22,-2.16
1,1548326514408,11.83,10.66,-2.69
1,1548326514409,11.05,10.15,-2.55
1,1548326514409,11.03,8.86,-2.12
1,1548326514411,10.68,8.53,-1.99
1,1548326514411,10.21,6.81,-1.54
1,1548326514412,9.6,4.19,-0.7
1,1548326514412,9.76,2.73,-0.07
1,1548326514483,9.41,2.26,0.27
1,1548326514485,8.92,1.17,0.01
1,1548326514486,9.19,1.07,-0.64
1,1548326514486,9.17,2.5,-2.57
1,1548326514487,8.59,4.21,-3.98
1,1548326514487,7.36,5.56,-5.35
1,1548326514487,5.5,5.01,-3.98
1,1548326514487,3.98,2.94,-2.5
1,1548326514559,3.94,2.2,-1.69
1,1548326514559,3.32,2.77,-1.36
1,1548326514560,3.24,4.06,-1.4
1,1548326514560,3.1,5.52,-1.6
1,1548326514561,2.42,6.05,-1.44
1,1548326514561,1.03,6.73,-2.16
1,1548326514562,2.94,5.58,-2.18
1,1548326514633,1.79,5.03,-1.95
1,1548326514650,1.83,4.33,-1.91
1,1548326514650,3.43,4.27,-1.46
1,1548326514651,4.41,4.7,-1.5
1,1548326514651,5.13,4.82,-2.26
1,1548326514651,6.17,4.64,-3.16
1,1548326514651,6.83,4.84,-3.59
1,1548326514651,6.99,5.85,-3.9
1,1548326514708,7.53,7.16,-3.94
1,1548326514709,8.33,8.73,-3.9
1,1548326514721,9.17,10.52,-3.14
1,1548326514721,8.55,9.92,-3.14
1,1548326514722,8.53,8.06,-3.28
1,1548326514722,8.82,6.44,-3.08
1,1548326514722,7.91,5.09,-1.69
1,1548326514783,8.26,5.68,-0.8
1,1548326514784,8.57,6.5,-0.13
1,1548326514785,7.34,6.09,0.52
1,1548326514786,8.32,4.62,0.11
1,1548326514787,10.27,5.52,-0.99
1,1548326514787,10.29,6.3,-1.44
1,1548326514787,9.41,6.44,-1.66
1,1548326514787,8.39,7.1,-1.83
1,1548326514858,7.69,7.05,-1.01
1,1548326514859,7.42,6.66,0.19
1,1548326514860,7.65,6.44,1.13
1,1548326514860,7.36,4.53,2.12
1,1548326514860,7.3,3.63,3.3
1,1548326514861,7.24,3.06,4.35
1,1548326514861,7.42,3.57,2.83
1,1548326514934,6.56,6.58,1.97
1,1548326514935,5.91,6.75,2.14
1,1548326514935,5.39,6.19,3.04
1,1548326514935,5.46,5.54,3.69
1,1548326514953,5.91,4.92,3.96
1,1548326514954,5.97,5.11,4.14
1,1548326514954,5.93,5.37,4.37
1,1548326514954,5.74,5.42,4.17
1,1548326515008,5.83,5.13,3.9
1,1548326515008,6.15,5.25,3.75
1,1548326515008,6.03,5.39,3.71
1,1548326515009,5.54,5.56,3.8
1,1548326515009,5.0,6.46,3.28
1,1548326515020,4.57,6.34,3.04
1,1548326515020,4.04,5.64,3.08
1,1548326515083,3.82,5.19,2.63
1,1548326515083,3.39,3.12,3.57
1,1548326515083,3.37,2.53,3.67
1,1548326515104,3.8,2.38,3.04
1,1548326515105,3.69,2.36,3.14
1,1548326515105,3.76,5.64,3.22
1,1548326515105,4.9,8.3,5.83
1,1548326515106,4.84,10.8,3.57
1,1548326515158,4.92,12.28,2.38
1,1548326515158,3.26,10.48,1.87
1,1548326515159,4.0,8.65,1.3
1,1548326515159,5.11,7.22,1.56
1,1548326515160,5.82,6.28,2.51
1,1548326515160,6.56,6.36,5.19
1,1548326515160,6.28,6.66,6.71
1,1548326515233,6.71,7.36,8.04
1,1548326515234,7.42,7.77,8.24
1,1548326515234,7.94,6.26,6.17
1,1548326515235,7.89,4.8,5.64
1,1548326515235,7.83,3.22,5.35
1,1548326515236,7.81,2.46,4.92
1,1548326515236,6.36,3.22,5.42
1,1548326515237,5.6,4.9,5.48
1,1548326515308,5.27,7.05,4.86
1,1548326515308,4.51,8.08,5.27
1,1548326515308,4.8,8.92,4.58
1,1548326515309,4.86,8.67,4.47
1,1548326515310,4.25,7.44,5.42
1,1548326515310,4.7,6.73,5.0
1,1548326515310,5.48,6.62,4.31
1,1548326515382,5.82,6.95,3.75
1,1548326515383,6.21,7.48,4.12
1,1548326515383,6.56,7.92,4.86
1,1548326515384,7.63,9.62,5.42
1,1548326515384,8.39,9.64,5.87
1,1548326515406,8.96,8.82,7.08
1,1548326515407,9.96,7.48,8.39
1,1548326515407,11.89,6.48,9.68
1,1548326515459,12.3,6.23,9.88
1,1548326515473,12.42,6.07,9.51
1,1548326515473,12.07,6.13,9.1
1,1548326515473,11.09,5.68,8.98
1,1548326515474,9.23,4.57,8.18
1,1548326515474,9.74,4.16,8.73
1,1548326515474,11.21,6.26,7.73
1,1548326515533,7.85,7.26,4.39
1,1548326515534,6.05,7.07,4.1
1,1548326515535,5.13,6.64,1.89
1,1548326515535,4.55,5.23,2.01
1,1548326515536,3.75,3.57,1.87
1,1548326515536,4.55,4.82,-0.62
1,1548326515536,3.43,5.21,-3.65
1,1548326515537,1.97,5.25,-0.35
1,1548326515608,2.38,4.31,-1.25
1,1548326515609,3.39,3.39,0.07
1,1548326515609,3.43,3.04,0.42
1,1548326515626,3.45,2.75,0.85
1,1548326515626,3.82,1.83,1.23
1,1548326515627,5.44,0.33,1.93
1,1548326515627,6.15,0.41,2.07
1,1548326515683,6.77,0.93,1.21
1,1548326515694,7.12,2.28,0.68
1,1548326515695,7.16,5.83,-3.24
1,1548326515695,6.4,6.77,-1.48
1,1548326515696,6.11,6.85,-1.79
1,1548326515696,6.87,7.34,-1.64
1,1548326515696,8.04,9.17,-5.23
1,1548326515697,8.14,9.27,-5.82
1,1548326515758,7.94,8.51,-5.74
1,1548326515758,7.46,7.34,-5.03
1,1548326515759,6.4,6.21,-3.98
1,1548326515759,5.97,6.36,-3.8
1,1548326515777,5.64,6.79,-3.92
1,1548326515778,5.13,6.56,-4.7
1,1548326515778,5.29,6.38,-6.05
1,1548326515832,5.68,7.14,-6.25
1,1548326515833,5.7,7.83,-6.4
1,1548326515833,5.17,8.24,-6.42
1,1548326515833,2.73,7.4,-5.5
1,1548326515843,2.4,6.62,-4.96
1,1548326515844,3.16,6.4,-5.31
1,1548326515844,4.45,6.95,-6.03
1,1548326515844,5.39,8.39,-6.15
1,1548326515910,5.03,8.88,-5.07
1,1548326515928,4.53,8.41,-4.17
1,1548326515929,4.19,7.32,-2.77
1,1548326515929,5.05,7.32,-2.36
1,1548326515929,5.03,7.46,-2.63
1,1548326515929,5.07,7.32,-2.22
1,1548326515930,5.09,7.05,-1.91
1,1548326515985,6.19,6.13,-1.75
1,1548326515986,7.18,5.58,-1.95
1,1548326515986,7.96,5.05,-2.89
1,1548326515987,8.73,4.66,-3.86
1,1548326515987,10.35,3.82,-5.0
1,1548326516006,11.17,3.33,-4.58
1,1548326516006,11.81,3.02,-3.39
1,1548326516006,11.89,2.98,-2.55
1,1548326516059,10.66,4.74,-1.75
1,1548326516061,9.33,5.31,-2.1
1,1548326516062,8.2,5.03,-2.32
1,1548326516079,7.85,4.06,-2.16
1,1548326516079,9.68,1.77,-1.54
1,1548326516079,10.76,0.78,-1.11
1,1548326516079,11.25,0.21,-0.09
1,1548326516133,10.99,0.33,1.03
1,1548326516136,9.49,1.73,1.28
1,1548326516136,9.57,2.89,1.01
1,1548326516137,10.39,3.9,0.37
1,1548326516137,11.6,3.88,-0.17
1,1548326516137,13.37,2.14,-1.5
1,1548326516138,14.06,1.58,-1.54
1,1548326516138,14.17,1.95,-1.54
1,1548326516210,13.96,3.51,-1.83
1,1548326516232,12.69,8.02,-2.85
1,1548326516232,11.13,8.88,-3.33
1,1548326516233,9.82,8.04,-3.82
1,1548326516233,9.6,6.52,-3.76
1,1548326516234,9.78,4.6,-3.41
1,1548326516234,10.09,3.98,-3.45
1,1548326516288,10.44,3.98,-3.51
1,1548326516288,10.17,4.49,-3.47
1,1548326516289,9.37,5.44,-2.65
1,1548326516289,9.19,4.98,-2.22
1,1548326516289,9.23,4.06,-1.48
1,1548326516290,9.0,3.78,-0.83
1,1548326516290,8.12,5.87,-2.12
1,1548326516290,7.89,6.56,-2.77
1,1548326516358,7.59,6.01,-2.98
1,1548326516359,7.73,5.09,-2.91
1,1548326516360,7.85,4.23,-2.55
1,1548326516360,7.32,5.11,-2.5
1,1548326516360,6.62,5.64,-2.59
1,1548326516361,6.54,5.39,-2.5
1,1548326516361,7.24,3.96,-2.38
1,1548326516437,7.34,3.84,-2.26
1,1548326516438,7.18,3.59,-2.03
1,1548326516449,6.99,3.43,-1.34
1,1548326516449,6.79,2.57,0.7
1,1548326516450,6.93,1.46,1.15
1,1548326516450,7.24,1.03,1.21
1,1548326516450,8.0,1.5,1.19
1,1548326516450,8.57,3.37,1.83
1,1548326516512,7.5,4.31,2.05
1,1548326516514,6.83,5.0,2.28
1,1548326516514,6.4,5.8,2.2
1,1548326516532,7.26,7.51,0.8
1,1548326516533,8.26,9.16,-0.93
1,1548326516533,8.2,10.82,-1.79
1,1548326516533,7.07,10.46,-0.58
1,1548326516586,7.61,8.92,0.05
1,1548326516588,9.06,9.86,-0.85
1,1548326516588,9.45,11.13,-1.5
1,1548326516609,9.27,11.97,-2.03
1,1548326516609,9.94,11.21,-1.97
1,1548326516610,10.66,10.07,-1.42
1,1548326516610,10.97,9.55,-0.66
1,1548326516610,10.87,9.25,-0.09
1,1548326516659,10.66,8.41,0.68
1,1548326516660,11.07,8.37,0.56
1,1548326516661,11.25,7.89,0.56
1,1548326516664,11.11,6.25,1.28
1,1548326516665,11.44,2.1,3.02
1,1548326516665,12.12,1.09,3.1
1,1548326516666,12.94,1.11,2.67
1,1548326516734,13.24,1.93,2.42
1,1548326516811,11.38,2.53,2.03
1,1548326516889,10.62,2.08,2.05
1,1548326516892,10.13,1.3,2.1
1,1548326516894,10.07,0.54,2.28
1,1548326516896,10.87,0.39,2.12
1,1548326516897,11.19,0.87,2.07
1,1548326516898,11.36,1.28,1.89
1,1548326516898,11.15,1.6,1.77
1,1548326516899,9.04,1.13,1.89
1,1548326516963,7.48,0.6,1.23
1,1548326516965,8.53,1.64,1.81
1,1548326516966,9.45,0.41,1.17
1,1548326516967,10.19,-0.97,0.46
1,1548326516968,10.76,-2.26,-0.78
1,1548326516968,10.54,-1.93,-1.26
1,1548326516969,9.84,-0.78,-1.64
1,1548326516970,8.78,3.43,-0.8
1,1548326517038,6.66,7.3,1.38
1,1548326517041,6.32,8.06,2.61
1,1548326517042,7.08,8.88,2.53
1,1548326517043,8.1,9.94,4.33
1,1548326517044,8.37,10.64,6.58
1,1548326517045,8.2,10.09,6.77
1,1548326517047,7.92,9.43,6.77
1,1548326517048,7.51,8.53,6.28
1,1548326517107,6.97,6.15,4.51
1,1548326517108,6.73,4.94,3.84
1,1548326517118,6.66,4.0,3.32
1,1548326517118,6.73,3.51,2.79
1,1548326517119,6.83,3.33,1.99
1,1548326517119,6.73,3.18,1.97
1,1548326517119,6.69,3.0,2.12
1,1548326517119,6.79,2.89,2.34
1,1548326517187,6.99,3.0,3.02
1,1548326517187,6.93,3.12,3.33
1,1548326517187,6.81,3.22,3.57
1,1548326517187,6.85,3.35,3.67
1,1548326517188,7.03,3.37,3.8
1,1548326517188,7.14,3.22,3.94
1,1548326517188,7.3,3.08,4.04
1,1548326517257,7.53,2.96,4.19
1,1548326517260,7.81,2.77,4.37
1,1548326517260,7.94,2.77,4.43
1,1548326517261,8.06,2.83,4.53
1,1548326517261,8.14,2.91,4.55
1,1548326517261,8.14,2.87,4.57
1,1548326517262,8.24,2.94,4.6
1,1548326517262,8.43,3.08,4.55
1,1548326517332,8.51,3.28,4.45
1,1548326517333,8.61,3.57,4.27
1,1548326517333,8.57,3.61,4.14
1,1548326517334,8.55,3.55,4.0
1,1548326517335,8.55,3.45,3.92
1,1548326517335,8.63,3.61,3.73
1,1548326517335,8.51,3.92,3.65
1,1548326517409,8.3,4.21,3.57
1,1548326517420,8.06,4.47,3.57
1,1548326517421,7.75,4.7,3.57
1,1548326517421,7.69,4.7,3.59
1,1548326517421,7.71,4.68,3.69
1,1548326517421,7.71,4.72,3.75
1,1548326517422,7.5,5.01,3.88
1,1548326517422,7.38,5.21,3.9
1,1548326517483,7.2,5.42,3.92
1,1548326517484,7.08,5.54,3.88
1,1548326517484,7.05,5.5,3.73
1,1548326517485,7.07,5.37,3.61
1,1548326517485,7.18,5.23,3.47
1,1548326517485,7.34,5.15,3.47
1,1548326517485,7.57,5.01,3.67
1,1548326517559,7.75,5.03,3.71
1,1548326517572,7.81,4.98,3.73
1,1548326517572,7.79,4.82,3.75
1,1548326517573,7.73,4.53,3.67
1,1548326517573,7.75,4.35,3.69
1,1548326517573,7.91,4.23,3.69
1,1548326517573,8.02,4.17,3.71
1,1548326517574,8.12,4.02,3.84
1,1548326517632,8.3,4.04,3.92
1,1548326517635,8.49,4.1,3.98
1,1548326517635,8.61,4.17,4.02
1,1548326517636,8.53,4.23,3.92
1,1548326517636,8.45,4.23,3.9
1,1548326517636,8.35,4.31,3.86
1,1548326517637,8.26,4.37,3.78
1,1548326517709,8.1,4.53,3.65
1,1548326517709,8.14,4.55,3.69
1,1548326517710,8.14,4.57,3.63
1,1548326517710,8.18,4.53,3.59
1,1548326517723,8.18,4.37,3.43
1,1548326517724,8.14,4.37,3.32
1,1548326517724,8.08,4.37,3.24
1,1548326517724,8.0,4.39,3.14
1,1548326517783,7.89,4.43,2.94
1,1548326517790,7.91,4.45,2.94
1,1548326517790,7.94,4.53,3.0
1,1548326517791,7.98,4.57,3.0
1,1548326517791,8.04,4.6,3.06
1,1548326517791,8.04,4.62,3.02
1,1548326517791,8.0,4.68,2.96
1,1548326517858,8.02,4.74,2.89
1,1548326517858,8.0,4.88,2.75
1,1548326517858,7.98,4.98,2.65
1,1548326517858,7.94,4.98,2.59
1,1548326517875,7.96,4.96,2.55
1,1548326517875,8.1,4.86,2.61
1,1548326517876,8.12,4.82,2.61
1,1548326517876,8.1,4.74,2.63
1,1548326517934,8.1,4.7,2.65
1,1548326517935,8.16,4.68,2.61
1,1548326517936,8.2,4.68,2.59
1,1548326517936,8.16,4.66,2.69
1,1548326517936,8.16,4.72,2.77
1,1548326517937,8.24,4.92,2.89
1,1548326517937,8.32,4.9,3.0
1,1548326518023,8.45,4.92,3.02
1,1548326518023,8.59,4.88,3.04
1,1548326518024,8.59,4.68,2.92
1,1548326518024,8.55,4.62,2.92
1,1548326518024,8.45,4.57,2.89
1,1548326518024,8.39,4.47,2.87
1,1548326518024,8.59,4.31,2.92
1,1548326518025,8.69,4.27,2.94
1,1548326518092,8.78,4.14,2.96
1,1548326518093,8.82,4.0,3.06
1,1548326518093,8.78,3.84,3.06
1,1548326518093,8.78,3.82,2.98
1,1548326518094,8.76,3.82,2.94
1,1548326518094,8.71,3.9,2.85
1,1548326518094,8.49,4.04,2.73
1,1548326518158,8.43,4.1,2.71
1,1548326518174,8.47,4.1,2.67
1,1548326518175,8.57,4.16,2.69
1,1548326518175,8.65,4.17,2.71
1,1548326518175,8.63,4.17,2.71
1,1548326518175,8.57,4.23,2.69
1,1548326518176,8.51,4.31,2.71
1,1548326518176,8.3,4.31,2.67
1,1548326518242,8.2,4.29,2.71
1,1548326518242,8.12,4.25,2.71
1,1548326518242,8.02,4.23,2.79
1,1548326518243,7.79,4.14,2.83
1,1548326518243,7.73,4.12,2.87
1,1548326518243,7.71,4.12,2.89
1,1548326518244,7.67,4.14,2.92
1,1548326518308,7.61,4.12,2.96
1,1548326518308,7.61,4.1,2.98
1,1548326518327,7.63,4.02,3.04
1,1548326518328,7.65,4.0,3.06
1,1548326518328,7.73,3.92,3.08
1,1548326518328,7.83,3.86,3.04
1,1548326518328,7.96,3.84,3.04
1,1548326518328,8.04,3.8,3.1
1,1548326518383,8.08,3.82,3.24
1,1548326518383,8.08,3.86,3.24
1,1548326518384,8.04,3.86,3.26
1,1548326518385,8.02,3.82,3.32
1,1548326518385,8.06,3.86,3.37
1,1548326518385,8.04,3.86,3.37
1,1548326518385,8.02,3.94,3.37
1,1548326518457,8.0,4.04,3.35
1,1548326518458,7.96,4.21,3.32
1,1548326518458,7.98,4.27,3.33
1,1548326518479,7.96,4.39,3.28
1,1548326518480,7.98,4.49,3.22
1,1548326518480,7.96,4.55,3.2
1,1548326518480,7.92,4.57,3.32
1,1548326518480,7.98,4.55,3.47
1,1548326518535,8.02,4.51,3.61
1,1548326518535,7.94,4.53,3.73
1,1548326518536,7.94,4.47,3.78
1,1548326518536,8.0,4.47,3.78
1,1548326518537,8.04,4.43,3.78
1,1548326518537,8.08,4.35,3.75
1,1548326518537,8.04,4.29,3.75
1,1548326518610,8.04,4.27,3.75
1,1548326518631,8.08,4.19,3.75
1,1548326518631,8.12,4.12,3.78
1,1548326518632,8.12,4.12,3.78
1,1548326518632,8.14,4.1,3.73
1,1548326518632,8.18,4.14,3.69
1,1548326518632,8.2,4.17,3.59
1,1548326518633,8.2,4.16,3.53
1,1548326518683,8.18,4.17,3.47
1,1548326518685,8.16,4.27,3.47
1,1548326518685,8.16,4.33,3.43
1,1548326518686,8.08,4.19,3.51
1,1548326518686,8.02,4.14,3.59
1,1548326518686,8.04,4.29,3.45
1,1548326518687,8.12,4.47,3.39
1,1548326518758,8.2,4.33,3.37
1,1548326518758,8.39,4.29,3.28
1,1548326518758,8.37,4.17,3.16
1,1548326518759,8.45,3.84,3.3
1,1548326518759,8.26,3.59,3.53
1,1548326518782,8.1,3.49,3.69
1,1548326518782,8.04,3.61,3.69
1,1548326518783,8.26,4.43,3.59
1,1548326518835,8.22,4.88,3.43
1,1548326518835,8.16,5.13,3.41
1,1548326518835,8.06,4.94,3.39
1,1548326518835,8.12,4.16,3.82
1,1548326518836,8.37,3.94,3.86
1,1548326518836,8.45,3.8,3.78
1,1548326518836,8.24,3.71,3.84
1,1548326518910,7.96,3.43,3.75
1,1548326518911,7.98,3.24,3.88
1,1548326518911,8.1,3.16,4.04
1,1548326518912,8.16,3.37,4.06
1,1548326518912,8.18,3.63,3.94
1,1548326518912,8.06,3.78,3.78
1,1548326518912,8.0,3.9,3.49
1,1548326518913,7.98,3.96,3.24
1,1548326518984,7.89,3.88,3.1
1,1548326518985,8.2,3.94,3.16
1,1548326518985,8.32,3.86,3.37
1,1548326518985,8.3,3.78,3.59
1,1548326518986,8.26,3.67,3.57
1,1548326518986,8.22,3.67,3.51
1,1548326518986,8.14,3.51,3.39
1,1548326519057,8.04,3.26,3.41
1,1548326519058,8.0,3.1,3.59
1,1548326519058,8.0,3.18,3.84
1,1548326519058,8.0,3.3,3.94
1,1548326519138,7.89,3.43,4.12
1,1548326519140,7.91,3.61,4.21
1,1548326519141,8.04,3.69,3.9
1,1548326519142,7.98,3.61,3.84
1,1548326519143,7.98,3.55,3.82
1,1548326519144,8.02,3.59,3.73
1,1548326519145,8.06,3.84,3.82
1,1548326519146,8.04,3.98,3.9
1,1548326519217,7.89,4.1,3.98
1,1548326519219,7.81,4.06,4.08
1,1548326519220,8.24,4.29,4.27
1,1548326519221,8.26,4.51,4.45
1,1548326519221,8.37,4.72,4.66
1,1548326519222,8.57,5.23,5.41
1,1548326519243,8.45,5.48,5.83
1,1548326519244,8.33,5.58,6.21
1,1548326519306,8.3,5.5,6.32
1,1548326519307,8.3,4.86,6.34
1,1548326519307,8.41,4.37,6.25
1,1548326519307,8.47,3.88,6.13
1,1548326519307,8.45,3.51,6.23
1,1548326519308,8.3,2.94,6.11
1,1548326519308,8.22,2.75,5.93
1,1548326519308,8.1,2.61,5.89
1,1548326519359,7.94,2.36,5.85
1,1548326519369,7.77,2.28,5.68
1,1548326519370,7.65,2.57,5.42
1,1548326519370,7.42,2.79,5.17
1,1548326519370,7.3,3.04,4.92
1,1548326519370,7.28,3.61,4.47
1,1548326519371,7.12,3.92,4.41
1,1548326519371,6.99,4.19,4.25
1,1548326519438,7.01,4.41,4.0
1,1548326519439,7.38,4.96,3.53
1,1548326519439,7.42,5.13,3.33
1,1548326519439,7.46,5.03,3.14
1,1548326519440,7.51,5.0,3.02
1,1548326519440,7.73,4.51,3.0
1,1548326519440,7.77,4.33,3.0
1,1548326519441,7.87,4.23,2.94
1,1548326519510,8.04,4.21,2.87
1,1548326519510,8.18,4.31,2.79
1,1548326519521,8.24,4.23,2.73
1,1548326519522,8.3,4.12,2.73
1,1548326519522,8.45,4.08,2.75
1,1548326519522,8.51,4.19,2.71
1,1548326519522,8.49,4.25,2.81
1,1548326519595,8.39,4.47,2.89
1,1548326519596,8.32,4.62,2.94
1,1548326519596,8.28,4.98,3.18
1,1548326519597,8.26,5.03,3.47
1,1548326519597,8.12,5.13,3.65
1,1548326519597,7.94,5.15,3.8
1,1548326519597,7.61,4.74,4.1
1,1548326519598,7.69,4.74,4.23
1,1548326519659,7.75,4.9,4.39
1,1548326519672,7.73,5.09,4.6
1,1548326519672,7.53,5.52,5.15
1,1548326519672,7.46,5.54,5.29
1,1548326519673,7.36,5.41,5.52
1,1548326519673,7.4,5.19,5.74
1,1548326519673,7.48,4.74,6.19
1,1548326519735,7.44,4.57,6.36
1,1548326519756,7.36,4.41,6.44
1,1548326519757,7.38,4.16,6.44
1,1548326519757,7.46,3.12,6.58
1,1548326519757,7.55,2.59,6.67
1,1548326519758,7.67,2.07,6.77
1,1548326519758,7.63,1.67,6.81
1,1548326519758,7.51,1.26,6.87
1,1548326519811,7.57,1.26,6.77
1,1548326519811,7.63,1.25,6.77
1,1548326519812,7.67,1.19,6.79
1,1548326519812,7.85,1.46,6.67
1,1548326519812,7.81,1.66,6.66
1,1548326519812,7.71,1.73,6.58
1,1548326519812,7.73,2.01,6.46
1,1548326519886,7.75,2.55,6.19
1,1548326519909,7.75,2.69,6.01
1,1548326519909,7.83,2.75,5.83
1,1548326519909,7.85,2.73,5.74
1,1548326519910,7.96,2.71,5.46
1,1548326519910,7.92,2.67,5.35
1,1548326519910,7.81,2.65,5.25
1,1548326519910,7.73,2.61,5.17
1,1548326519962,7.55,2.34,5.05
1,1548326519963,7.5,2.18,5.01
1,1548326519963,7.42,2.2,5.01
1,1548326519963,7.34,2.14,5.05
1,1548326520038,7.18,1.81,4.98
1,1548326520041,7.07,1.42,4.84
1,1548326520042,6.89,1.17,4.84
1,1548326520046,6.93,1.19,4.84
1,1548326520047,6.91,1.58,4.55
1,1548326520048,6.64,1.75,4.51
1,1548326520048,6.46,1.81,4.62
1,1548326520068,6.44,1.77,4.7
1,1548326520115,6.54,2.03,4.88
1,1548326520116,6.46,2.28,4.88
1,1548326520116,6.15,2.55,4.78
1,1548326520117,6.11,2.5,4.8
1,1548326520190,6.19,2.42,4.78
1,1548326520191,6.13,2.32,4.82
1,1548326520191,6.09,2.24,4.86
1,1548326520191,6.26,2.12,5.09
1,1548326520191,6.34,2.16,5.17
1,1548326520191,6.34,2.24,5.37
1,1548326520192,6.38,2.34,5.44
1,1548326520192,6.34,2.59,5.54
1,1548326520261,6.32,2.57,5.56
1,1548326520265,6.34,2.55,5.58
1,1548326520266,6.81,2.05,6.03
1,1548326520268,6.95,1.97,6.15
1,1548326520269,6.93,1.87,6.28
1,1548326520271,6.83,1.91,6.32
1,1548326520272,6.85,1.97,6.32
1,1548326520274,6.91,2.01,6.3
1,1548326520342,6.87,2.14,6.17
1,1548326520346,6.85,2.18,6.09
1,1548326520349,6.79,2.18,6.09
1,1548326520350,6.77,2.24,6.11
1,1548326520351,6.79,2.5,6.09
1,1548326520352,6.79,2.63,6.11
1,1548326520354,6.73,2.65,6.21
1,1548326520355,6.75,2.65,6.25
1,1548326520411,6.77,2.67,6.26
1,1548326520430,6.69,2.73,6.13
1,1548326520431,6.64,2.79,6.23
1,1548326520431,6.6,2.79,6.09
1,1548326520431,6.81,2.63,6.09
1,1548326520432,6.99,2.55,6.15
1,1548326520432,7.03,2.51,6.19
1,1548326520432,6.99,2.51,6.19
1,1548326520489,6.79,2.55,6.21
1,1548326520490,6.77,2.55,6.26
1,1548326520490,6.87,2.67,6.38
1,1548326520490,6.97,2.91,6.34
1,1548326520491,7.03,3.2,6.3
1,1548326520491,7.08,3.28,6.21
1,1548326520491,7.14,3.32,6.17
1,1548326520491,7.14,3.33,6.09
1,1548326520564,7.08,3.2,6.07
1,1548326520565,7.14,3.14,6.01
1,1548326520566,7.12,3.1,5.99
1,1548326520566,7.2,3.04,6.01
1,1548326520567,7.36,3.08,5.85
1,1548326520568,7.42,3.06,5.82
1,1548326520568,7.44,3.06,5.74
1,1548326520640,7.48,3.0,5.68
1,1548326520667,7.65,2.81,5.46
1,1548326520667,7.75,2.75,5.35
1,1548326520668,7.85,2.71,5.27
1,1548326520668,7.96,2.69,5.15
1,1548326520668,8.18,2.69,4.92
1,1548326520669,8.2,2.71,4.9
1,1548326520669,8.3,2.87,4.86
1,1548326520709,8.43,3.0,4.84
1,1548326520710,8.84,2.94,4.74
1,1548326520711,9.12,2.91,4.66
1,1548326520711,9.35,2.81,4.51
1,1548326520787,9.68,2.73,4.6
1,1548326520788,9.27,2.85,3.8
1,1548326520789,9.0,2.18,3.98
1,1548326520790,9.16,1.67,3.86
1,1548326520792,9.43,1.62,3.53
1,1548326520793,9.06,1.73,2.96
1,1548326520794,8.67,1.77,2.75
1,1548326520795,8.37,1.77,2.46
1,1548326520859,8.16,1.83,2.46
1,1548326520860,7.46,2.28,2.24
1,1548326520860,6.97,2.48,2.16
1,1548326520860,6.5,2.71,2.08
1,1548326520940,6.09,2.87,2.07
1,1548326520942,5.5,3.33,1.52
1,1548326520943,5.46,3.51,1.3
1,1548326520944,5.44,3.51,1.21
1,1548326520945,5.6,3.33,1.17
1,1548326520946,6.85,2.81,0.74
1,1548326520947,7.38,2.87,0.85
1,1548326520948,7.89,3.12,0.91
1,1548326521012,8.57,3.8,0.83
1,1548326521013,8.8,4.08,0.87
1,1548326521014,10.23,6.19,1.05
1,1548326521014,10.48,6.58,1.09
1,1548326521015,10.64,6.81,1.21
1,1548326521016,10.76,6.95,1.23
1,1548326521017,10.76,6.95,1.28
1,1548326521017,10.72,6.83,1.26
1,1548326521089,10.72,6.75,1.3
1,1548326521090,10.64,6.46,1.6
1,1548326521091,10.6,6.3,1.89
1,1548326521091,10.56,6.11,2.1
1,1548326521092,10.62,5.8,2.42
1,1548326521092,10.78,5.25,3.2
1,1548326521093,10.76,4.96,3.51
1,1548326521093,10.44,4.57,3.78
1,1548326521162,10.0,4.14,4.08
1,1548326521163,9.88,4.1,4.55
1,1548326521164,9.84,4.39,4.62
1,1548326521164,9.7,4.62,4.84
1,1548326521165,9.47,4.7,4.94
1,1548326521165,9.04,4.49,5.11
1,1548326521166,8.92,4.33,5.15
1,1548326521166,8.82,4.23,5.31
1,1548326521241,8.84,4.25,5.23
1,1548326521242,8.63,4.49,5.33
1,1548326521243,8.45,4.6,5.42
1,1548326521244,8.32,4.76,5.58
1,1548326521244,8.24,4.88,5.68
1,1548326521245,8.02,4.88,6.11
1,1548326521245,7.89,4.86,6.03
1,1548326521246,7.75,4.66,6.15
1,1548326521312,7.81,4.53,6.21
1,1548326521313,8.14,4.6,6.26
1,1548326521314,8.24,4.7,6.42
1,1548326521314,8.33,4.6,6.42
1,1548326521315,8.51,4.51,6.44
1,1548326521315,8.57,4.43,6.28
1,1548326521316,8.47,4.29,6.07
1,1548326521393,8.35,4.14,5.76
1,1548326521394,8.22,4.04,5.42
1,1548326521394,7.94,3.9,4.92
1,1548326521395,7.92,3.8,4.74
1,1548326521395,7.91,3.8,4.64
1,1548326521395,7.91,3.84,4.53
1,1548326521396,7.98,4.06,4.27
1,1548326521396,8.04,4.31,4.16
1,1548326521463,8.16,4.55,3.92
1,1548326521489,8.32,4.68,3.76
1,1548326521490,8.65,4.98,3.45
1,1548326521491,8.76,5.05,3.3
1,1548326521492,8.82,5.11,3.18
1,1548326521492,8.75,5.29,2.94
1,1548326521493,8.3,5.7,2.59
1,1548326521540,7.96,5.83,2.42
1,1548326521541,7.69,5.89,2.3
1,1548326521541,7.53,5.89,2.2
1,1548326521554,7.73,6.01,2.24
1,1548326521555,7.98,6.09,2.32
1,1548326521555,8.18,6.07,2.32
1,1548326521555,8.32,5.83,2.36
1,1548326521556,8.75,5.17,2.38
1,1548326521610,9.04,4.9,2.36
1,1548326521611,9.47,4.72,2.28
1,1548326521611,9.7,4.55,2.18
1,1548326521612,10.13,3.98,2.16
1,1548326521691,10.48,3.76,2.14
1,1548326521692,10.87,3.51,1.99
1,1548326521692,11.28,3.26,1.91
1,1548326521727,11.81,2.79,1.66
1,1548326521728,11.93,2.57,1.5
1,1548326521729,11.91,2.5,1.28
1,1548326521730,11.67,2.59,1.21
1,1548326521730,10.54,2.77,1.13
1,1548326521762,9.92,2.77,1.17
1,1548326521764,9.47,2.89,1.17
1,1548326521764,9.02,3.0,1.21
1,1548326521766,8.28,2.83,1.42
1,1548326521767,8.1,2.65,1.6
1,1548326521767,7.92,2.36,1.85
1,1548326521768,7.69,2.03,2.14
1,1548326521768,7.26,1.46,2.53
1,1548326521835,7.08,1.26,2.65
1,1548326521837,6.87,1.23,2.77
1,1548326521837,6.75,1.77,2.61
1,1548326521838,6.69,2.03,2.5
1,1548326521839,6.56,2.22,2.38
1,1548326521839,6.34,2.2,2.34
1,1548326521840,6.13,1.89,2.38
1,1548326521840,6.17,1.89,2.34
1,1548326521912,6.21,1.99,2.44
1,1548326521914,6.17,2.2,2.57
1,1548326521915,6.13,2.12,2.87
1,1548326521916,6.23,2.08,2.94
1,1548326521917,6.38,2.16,3.0
1,1548326521918,6.48,2.28,3.0
1,1548326521919,6.67,2.69,3.12
1,1548326521920,6.83,3.06,3.2
1,1548326521992,7.07,3.37,3.37
1,1548326521993,7.24,3.73,3.51
1,1548326522012,7.51,3.98,3.78
1,1548326522013,7.57,3.86,3.86
1,1548326522014,7.67,3.76,3.96
1,1548326522014,7.85,3.76,4.02
1,1548326522014,8.04,3.76,4.19
1,1548326522015,8.1,3.84,4.31
1,1548326522059,8.14,3.84,4.47
1,1548326522060,8.14,3.84,4.6
1,1548326522061,8.22,3.76,4.9
1,1548326522062,8.32,3.8,5.05
1,1548326522063,8.43,3.84,5.19
1,1548326522064,8.55,3.86,5.33
1,1548326522065,8.84,4.0,5.68
1,1548326522137,8.84,4.08,5.87
1,1548326522138,8.84,4.23,6.13
1,1548326522139,8.78,4.45,6.3
1,1548326522139,8.71,4.72,6.58
1,1548326522140,8.65,4.88,6.77
1,1548326522141,8.63,5.05,6.95
1,1548326522141,8.65,5.19,7.07
1,1548326522141,9.08,5.29,7.26
1,1548326522214,9.41,5.31,7.32
1,1548326522216,9.78,5.23,7.36
1,1548326522216,10.13,5.09,7.4
1,1548326522217,11.17,4.92,7.36
1,1548326522227,11.73,4.94,7.46
1,1548326522227,12.16,4.88,7.57
1,1548326522228,12.5,4.72,7.67
1,1548326522291,12.89,4.35,7.63
1,1548326522292,12.92,4.29,7.44
1,1548326522292,12.79,4.21,7.18
1,1548326522292,12.5,4.21,6.81
1,1548326522293,11.97,4.19,6.03
1,1548326522293,11.71,4.12,5.7
1,1548326522293,11.34,3.88,5.54
1,1548326522294,10.85,3.73,5.41
1,1548326522359,9.9,3.61,5.13
1,1548326522382,9.57,3.61,5.01
1,1548326522384,9.37,3.51,4.92
1,1548326522384,9.16,3.26,4.72
1,1548326522385,8.9,2.81,4.12
1,1548326522386,8.76,2.61,3.73
1,1548326522387,8.63,2.55,3.28
1,1548326522436,8.45,2.55,2.77
1,1548326522460,8.02,2.81,1.83
1,1548326522460,7.94,3.1,1.6
1,1548326522461,7.96,3.51,1.4
1,1548326522461,8.06,4.02,1.3
1,1548326522461,8.35,5.41,1.25
1,1548326522461,8.49,5.91,1.23
1,1548326522462,8.59,6.17,1.23
1,1548326522513,8.8,6.38,1.21
1,1548326522515,9.33,6.42,0.99
1,1548326522517,9.45,6.23,0.76
1,1548326522518,9.49,5.85,0.52
1,1548326522519,9.41,5.5,0.29
1,1548326522520,9.25,4.8,0.03
1,1548326522522,9.17,4.53,-0.01
1,1548326522594,9.19,4.25,-0.07
1,1548326522594,9.14,3.94,-0.05
1,1548326522595,9.08,3.3,0.17
1,1548326522595,9.04,3.0,0.35
1,1548326522596,9.0,2.75,0.52
1,1548326522596,8.98,2.63,0.68
1,1548326522596,8.76,2.71,0.82
1,1548326522658,8.63,2.91,0.83
1,1548326522659,8.53,3.18,0.76
1,1548326522659,8.43,3.43,0.74
1,1548326522660,8.2,3.67,0.66
1,1548326522679,8.26,3.84,0.58
1,1548326522680,8.33,4.08,0.46
1,1548326522681,8.41,4.23,0.41
1,1548326522681,8.49,4.55,0.37
1,1548326522734,8.47,4.58,0.33
1,1548326522736,8.47,4.64,0.35
1,1548326522737,8.43,4.72,0.37
1,1548326522738,8.39,4.86,0.62
1,1548326522738,8.37,4.76,0.74
1,1548326522739,8.35,4.62,0.93
1,1548326522740,8.3,4.49,1.09
1,1548326522741,8.32,4.53,1.23
1,1548326522809,8.3,4.6,1.36
1,1548326522809,8.2,4.57,1.6
1,1548326522810,8.2,4.49,2.01
1,1548326522834,8.49,4.47,2.81
1,1548326522835,8.55,4.25,3.02
1,1548326522835,8.53,3.76,3.06
1,1548326522836,8.76,3.18,3.0
1,1548326522895,9.55,2.32,2.85
1,1548326522896,9.74,2.05,2.89
1,1548326522896,9.6,1.81,3.02
1,1548326522896,9.21,1.71,3.26
1,1548326522897,8.43,2.26,3.78
1,1548326522897,8.1,2.67,3.94
1,1548326522897,7.91,3.0,4.14
1,1548326522897,7.79,3.14,4.31
1,1548326522959,7.98,3.28,4.6
1,1548326522960,8.04,3.39,4.6
1,1548326522986,8.02,3.61,4.66
1,1548326522987,7.89,3.84,4.66
1,1548326522988,7.36,4.27,4.57
1,1548326522989,7.14,4.45,4.53
1,1548326522989,6.95,4.47,4.51
1,1548326523038,6.85,4.45,4.49
1,1548326523040,7.01,4.35,4.49
1,1548326523042,7.26,4.19,4.49
1,1548326523044,7.59,3.92,4.58
1,1548326523045,7.89,3.71,4.7
1,1548326523046,8.14,3.35,4.92
1,1548326523047,8.16,3.37,4.96
1,1548326523111,8.06,3.59,5.05
1,1548326523112,7.91,3.86,5.15
1,1548326523112,7.2,4.39,5.58
1,1548326523112,7.05,4.51,5.7
1,1548326523112,6.85,4.6,5.83
1,1548326523112,6.62,4.72,5.83
1,1548326523113,6.26,4.55,5.46
1,1548326523113,6.5,3.8,5.91
1,1548326523198,6.4,3.24,6.03
1,1548326523198,6.38,3.14,6.4
1,1548326523198,6.54,3.86,7.73
1,1548326523199,6.32,4.39,7.48
1,1548326523199,5.87,4.57,7.69
1,1548326523199,6.07,5.05,7.75
1,1548326523200,6.46,7.22,6.07
1,1548326523259,5.97,7.94,5.46
1,1548326523282,5.44,8.06,5.07
1,1548326523283,5.09,7.53,4.39
1,1548326523283,5.58,5.6,3.94
1,1548326523284,6.07,5.09,3.71
1,1548326523284,6.25,5.07,3.41
1,1548326523284,6.17,5.21,2.71
1,1548326523284,6.25,5.31,2.3
1,1548326523340,6.54,5.15,2.16
1,1548326523342,6.79,4.78,2.12
1,1548326523344,7.01,4.37,2.18
1,1548326523345,7.2,3.65,2.5
1,1548326523346,7.22,3.59,2.65
1,1548326523348,7.24,3.57,2.63
1,1548326523349,7.3,3.71,2.61
1,1548326523350,7.55,4.21,2.71
1,1548326523409,7.55,4.39,3.04
1,1548326523417,7.69,4.6,3.37
1,1548326523417,7.89,4.82,3.69
1,1548326523418,7.81,5.27,4.02
1,1548326523418,7.63,5.29,4.02
1,1548326523418,7.48,5.19,4.16
1,1548326523418,7.4,5.15,4.17
1,1548326523488,7.79,5.5,4.06
1,1548326523489,7.79,5.62,4.12
1,1548326523491,7.59,5.46,4.57
1,1548326523492,7.51,5.27,5.05
1,1548326523493,7.65,5.07,5.27
1,1548326523495,7.79,4.6,4.9
1,1548326523496,7.87,4.19,4.57
1,1548326523560,8.0,4.02,4.29
1,1548326523561,8.88,4.16,4.02
1,1548326523562,9.6,3.88,3.92
1,1548326523570,10.62,3.92,3.63
1,1548326523570,11.71,4.08,3.14
1,1548326523570,13.94,3.88,2.73
1,1548326523571,14.25,2.83,3.63
1,1548326523571,14.41,1.46,4.66
1,1548326523633,14.49,1.81,4.21
1,1548326523635,12.67,8.43,-0.66
1,1548326523654,11.05,10.44,-1.67
1,1548326523654,10.44,10.8,-2.67
1,1548326523655,9.94,9.33,-6.52
1,1548326523655,10.31,7.03,-4.27
1,1548326523655,10.76,5.21,-4.02
1,1548326523720,10.07,4.21,-3.71
1,1548326523721,9.29,3.55,-3.18
1,1548326523721,8.65,3.61,-2.69
1,1548326523722,7.53,3.86,-2.59
1,1548326523722,6.91,3.26,-2.57
1,1548326523723,6.54,2.42,-2.53
1,1548326523724,6.28,1.77,-2.48
1,1548326523724,5.93,1.36,-2.57
1,1548326523785,6.13,1.85,-2.94
1,1548326523789,6.54,3.33,-3.69
1,1548326523792,6.71,5.46,-4.72
1,1548326523793,5.83,6.77,-4.62
1,1548326523794,5.39,5.95,-4.21
1,1548326523795,5.56,4.7,-3.92
1,1548326523797,6.21,3.53,-3.65
1,1548326523861,7.65,3.65,-3.16
1,1548326523861,8.0,4.55,-2.79
1,1548326523862,8.06,5.19,-2.57
1,1548326523871,8.18,4.96,-2.36
1,1548326523872,9.0,4.1,-1.6
1,1548326523872,9.33,4.39,-1.38
1,1548326523872,9.58,5.03,-1.28
1,1548326523872,9.76,5.62,-1.11
1,1548326523941,9.98,6.03,-0.41
1,1548326524009,10.21,5.7,-0.42
1,1548326524087,10.37,5.39,-0.33
1,1548326524087,10.31,5.23,-0.42
1,1548326524088,9.96,4.88,-0.15
1,1548326524088,9.33,4.47,-0.21
1,1548326524089,9.6,3.2,0.89
1,1548326524089,9.45,1.95,0.62
1,1548326524090,11.05,1.64,1.42
1,1548326524090,10.58,3.37,1.28
1,1548326524162,8.39,6.85,-0.54
1,1548326524163,10.54,5.13,0.97
1,1548326524163,10.23,4.02,1.64
1,1548326524164,12.28,4.37,0.33
1,1548326524164,12.5,5.27,1.03
1,1548326524164,12.07,4.9,1.48
1,1548326524165,12.16,5.52,1.3
1,1548326524165,12.22,6.64,0.93
1,1548326524236,11.87,7.96,0.56
1,1548326524237,10.48,7.79,0.82
1,1548326524266,9.53,5.66,1.15
1,1548326524267,9.27,3.28,1.89
1,1548326524267,8.41,3.98,1.52
1,1548326524268,7.55,5.48,0.99
1,1548326524268,6.83,6.67,0.19
1,1548326524269,6.54,6.56,-1.77
1,1548326524324,6.48,5.85,-1.83
1,1548326524325,6.19,5.0,-1.54
1,1548326524326,5.68,4.33,-0.99
1,1548326524326,4.45,5.03,0.54
1,1548326524326,3.92,5.48,0.97
1,1548326524327,4.17,5.56,0.83
1,1548326524327,4.49,5.99,0.99
1,1548326524327,4.31,7.42,-0.17
1,1548326524386,4.33,9.08,-1.01
1,1548326524387,4.6,11.58,-1.73
1,1548326524387,5.03,13.06,-2.53
1,1548326524408,4.92,9.84,-1.87
1,1548326524408,4.58,8.08,-1.36
1,1548326524409,4.31,6.71,-0.72
1,1548326524409,3.86,5.09,-0.15
1,1548326524461,4.0,4.55,1.01
1,1548326524475,3.86,5.01,0.97
1,1548326524475,3.76,4.49,0.64
1,1548326524476,4.0,3.67,1.21
1,1548326524476,4.68,0.95,1.25
1,1548326524476,4.47,0.01,1.79
1,1548326524476,3.8,-0.41,3.47
1,1548326524476,4.84,0.56,4.57
1,1548326524536,5.0,0.23,1.91
1,1548326524539,5.17,-0.39,2.44
1,1548326524561,5.85,-0.42,3.32
1,1548326524562,5.85,-0.35,4.17
1,1548326524562,7.1,1.85,4.72
1,1548326524563,7.81,4.23,4.6
1,1548326524563,8.08,6.66,4.25
1,1548326524616,7.71,7.85,4.41
1,1548326524617,8.73,7.01,5.74
1,1548326524617,9.14,5.07,6.99
1,1548326524617,9.6,4.23,7.65
1,1548326524617,10.78,3.96,9.37
1,1548326524617,10.39,1.03,12.96
1,1548326524618,11.87,1.52,11.58
1,1548326524618,12.26,1.15,11.19
1,1548326524765,12.36,1.05,10.11
1,1548326524765,11.56,3.71,2.81
1,1548326524766,11.25,6.71,-0.62
1,1548326524766,11.07,9.17,-2.59
1,1548326524766,10.8,9.43,-2.5
1,1548326524835,11.66,5.42,-1.13
1,1548326524836,12.16,7.53,-1.19
1,1548326524836,11.52,7.89,-0.68
1,1548326524837,10.35,5.64,-0.29
1,1548326524837,9.53,3.92,-0.87
1,1548326524837,7.28,8.9,-4.02
1,1548326524845,7.18,8.98,-2.42
1,1548326524846,7.07,8.28,-0.68
1,1548326524991,7.24,7.61,1.34
1,1548326524991,6.15,7.94,1.25
1,1548326524992,6.23,6.99,1.21
1,1548326524992,6.44,6.5,0.93
1,1548326525023,6.75,7.16,-0.39
1,1548326525090,6.83,8.35,-3.08
1,1548326525091,6.26,9.41,-2.73
1,1548326525091,5.72,9.47,-3.2
1,1548326525091,5.42,7.94,-4.17
1,1548326525092,3.55,6.87,-1.64
1,1548326525137,3.3,6.42,-1.58
1,1548326525149,3.65,5.82,-1.3
1,1548326525150,4.37,4.78,-0.31
1,1548326525150,6.58,7.32,-1.54
1,1548326525150,5.48,9.31,-1.73
1,1548326525150,7.36,8.75,-1.32
1,1548326525151,7.59,7.94,-0.74
1,1548326525151,7.73,6.87,-0.48
1,1548326525212,8.26,6.21,-0.27
1,1548326525212,8.32,7.77,-1.42
1,1548326525229,8.12,8.1,-1.21
1,1548326525230,7.59,7.28,-0.85
1,1548326525231,7.55,6.07,-0.33
1,1548326525231,8.39,5.54,-0.15
1,1548326525232,8.69,7.28,-0.27
1,1548326525232,8.14,8.37,-0.87
1,1548326525287,7.87,9.06,-1.36
1,1548326525288,7.92,9.35,-1.79
1,1548326525289,7.67,8.2,-1.52
1,1548326525289,7.18,6.28,-0.83
1,1548326525290,7.4,5.68,-0.41
1,1548326525290,7.07,5.97,-0.58
1,1548326525291,5.74,4.92,0.11
1,1548326525291,6.01,5.09,0.07
1,1548326525358,6.07,5.54,0.07
1,1548326525359,5.58,5.93,0.37
1,1548326525359,4.35,5.52,0.58
1,1548326525363,4.45,4.72,0.76
1,1548326525363,4.53,4.12,0.66
1,1548326525363,4.55,4.1,0.13
1,1548326525363,4.21,4.98,-0.95
1,1548326525364,3.78,5.25,-0.64
1,1548326525437,4.17,5.09,-0.87
1,1548326525438,4.27,5.07,-0.5
1,1548326525515,3.92,5.11,-0.8
1,1548326525516,4.12,5.09,-0.95
1,1548326525517,4.31,5.03,-0.89
1,1548326525518,4.12,4.84,-0.76
1,1548326525519,3.33,4.0,-0.48
1,1548326525520,3.12,3.26,0.03
1,1548326525521,3.1,2.44,0.46
1,1548326525521,3.02,1.73,0.58
1,1548326525587,3.02,1.19,1.23
1,1548326525588,3.47,1.21,1.34
1,1548326525589,3.57,1.34,1.46
1,1548326525589,3.96,1.67,2.22
1,1548326525590,4.41,2.03,2.53
1,1548326525590,4.62,2.46,1.58
1,1548326525591,3.94,3.02,-0.5
1,1548326525591,4.43,2.91,0.99
1,1548326525661,6.21,2.28,1.13
1,1548326525662,9.84,2.28,-0.68
1,1548326525662,7.67,2.69,-0.89
1,1548326525662,5.46,2.57,-0.33
1,1548326525663,4.37,2.53,-2.1
1,1548326525663,4.27,3.82,-2.5
1,1548326525664,4.53,4.98,-2.98
1,1548326525664,4.51,6.11,-2.65
1,1548326525830,4.14,6.58,-1.52
1,1548326525832,3.69,6.01,0.8
1,1548326525834,4.04,5.46,1.17
1,1548326525835,4.45,4.51,1.58
1,1548326525836,5.5,3.43,1.25
1,1548326525887,8.3,1.81,-1.52
1,1548326525902,8.84,1.58,-2.3
1,1548326525903,9.1,1.66,-2.65
1,1548326525903,9.41,1.89,-3.3
1,1548326525904,12.87,-0.46,0.5
1,1548326525904,12.77,-0.15,-0.15
1,1548326525905,12.83,2.14,-1.46
1,1548326525905,12.22,3.22,-1.87
1,1548326525961,11.26,3.53,-1.34
1,1548326525962,13.12,1.3,1.44
1,1548326525962,13.2,1.03,1.4
1,1548326525963,13.9,2.24,0.68
1,1548326525963,13.65,1.95,0.35
1,1548326525963,13.47,0.64,0.46
1,1548326525964,13.9,-0.93,0.87
1,1548326525964,14.29,-2.1,1.21
1,1548326526037,14.19,-1.62,1.15
1,1548326526060,13.84,-0.87,1.07
1,1548326526062,13.39,0.07,1.01
1,1548326526062,12.71,1.09,0.85
1,1548326526063,12.63,1.05,1.03
1,1548326526064,12.57,0.95,1.21
1,1548326526065,12.75,0.87,1.26
1,1548326526065,13.06,-0.19,1.56
1,1548326526113,13.33,-0.39,1.56
1,1548326526116,13.45,-0.42,1.23
1,1548326526118,13.49,-0.48,0.95
1,1548326526119,13.24,-0.68,0.99
1,1548326526120,12.98,-0.93,1.11
1,1548326526121,12.69,-1.13,1.21
1,1548326526122,12.42,-1.11,1.25
1,1548326526124,12.3,-0.76,1.21
1,1548326526188,12.28,0.0,1.17
1,1548326526191,12.01,0.52,0.93
1,1548326526192,12.24,0.6,0.68
1,1548326526193,12.48,-0.15,1.15
1,1548326526194,12.4,-0.62,1.25
1,1548326526195,12.14,-1.25,1.23
1,1548326526197,12.07,-1.69,1.28
1,1548326526265,11.95,-1.56,1.38
1,1548326526267,11.58,-1.66,1.44
1,1548326526267,11.3,-1.52,1.58
1,1548326526268,11.11,-1.11,1.62
1,1548326526269,10.42,-0.52,1.83
1,1548326526269,10.15,-0.35,1.97
1,1548326526269,9.98,-0.37,2.16
1,1548326526270,9.94,-0.58,2.12
1,1548326526337,10.05,-0.99,1.44
1,1548326526337,10.35,-0.91,1.19
1,1548326526337,10.99,-0.78,0.41
1,1548326526338,9.68,-1.56,1.46
1,1548326526355,10.19,0.85,2.26
1,1548326526356,10.29,1.3,2.1
1,1548326526356,9.62,0.85,2.44
1,1548326526413,9.25,0.83,2.3
1,1548326526414,9.62,1.05,1.21
1,1548326526414,9.68,0.11,1.09
1,1548326526415,10.03,-0.74,1.05
1,1548326526415,10.29,-1.36,1.19
1,1548326526416,10.56,-2.34,2.24
1,1548326526416,10.91,-1.66,2.65
1,1548326526487,11.15,-1.03,2.38
1,1548326526488,11.13,-0.42,2.07
1,1548326526488,11.15,-0.29,1.36
1,1548326526489,11.05,-0.58,1.21
1,1548326526489,11.97,-0.23,-0.15
1,1548326526490,12.59,0.87,1.89
1,1548326526490,13.18,3.57,0.87
1,1548326526490,12.91,2.79,0.95
1,1548326526644,13.59,1.44,0.87
1,1548326526645,15.13,1.6,0.03
1,1548326526646,15.05,2.85,-2.2
1,1548326526647,14.43,1.46,-2.26
1,1548326526648,13.88,0.72,-1.28
1,1548326526715,11.75,-0.95,0.46
1,1548326526716,7.79,-3.35,2.65
1,1548326526717,7.36,-2.48,2.92
1,1548326526718,8.3,-1.71,1.73
1,1548326526719,11.4,-0.66,-4.19
1,1548326526719,15.7,-3.16,3.14
1,1548326526720,14.37,-2.32,1.95
1,1548326526720,14.58,-2.87,1.93
1,1548326526789,14.43,-0.27,2.08
1,1548326526789,12.92,0.35,1.23
1,1548326526790,13.43,-0.46,1.05
1,1548326526790,13.84,-1.17,1.36
1,1548326526791,13.88,-0.82,1.71
1,1548326526791,13.24,-0.33,1.93
1,1548326526791,13.14,-0.76,1.77
1,1548326526792,13.22,-1.91,2.28
1,1548326526864,13.35,-1.56,2.61
1,1548326526865,13.53,-1.17,1.3
1,1548326526865,13.96,-1.77,1.01
1,1548326526865,13.96,-1.44,0.85
1,1548326526866,13.84,-1.81,1.19
1,1548326526866,13.06,-1.91,1.4
1,1548326526866,12.51,-1.75,1.44
1,1548326526866,12.46,-1.4,1.32
1,1548326526937,12.22,-0.7,1.23
1,1548326526937,12.77,-0.42,1.21
1,1548326526938,13.16,-0.74,1.01
1,1548326526938,12.98,-0.7,0.83
1,1548326526939,12.83,-0.54,1.19
1,1548326526939,11.34,-0.68,2.18
1,1548326526939,10.56,-0.58,1.58
1,1548326526939,10.25,-0.74,1.01
1,1548326527011,10.62,-1.11,1.07
1,1548326527012,12.61,-0.74,0.74
1,1548326527012,12.69,0.05,0.62
1,1548326527012,12.03,-0.17,1.01
1,1548326527013,11.03,-0.56,1.23
1,1548326527013,8.96,-1.11,2.2
1,1548326527013,8.84,-1.11,1.52
1,1548326527084,9.04,-1.15,0.87
1,1548326527096,9.33,-1.3,0.39
1,1548326527097,9.55,-1.03,0.37
1,1548326527098,9.25,-1.05,0.97
1,1548326527099,8.73,-1.25,1.15
1,1548326527099,8.2,-1.19,0.74
1,1548326527100,7.61,-1.48,0.68
1,1548326527101,7.2,-1.23,0.83
1,1548326527159,6.69,-0.91,0.85
1,1548326527180,6.6,-0.85,0.78
1,1548326527180,6.89,-1.01,1.01
1,1548326527181,6.79,-0.99,1.03
1,1548326527181,6.48,-1.01,0.95
1,1548326527181,6.48,-0.95,0.7
1,1548326527182,6.54,-0.66,0.35
1,1548326527235,6.54,-0.58,0.39
1,1548326527246,6.46,-0.27,0.41
1,1548326527246,6.25,-0.21,0.37
1,1548326527246,5.82,-0.74,0.64
1,1548326527247,5.95,-0.66,0.82
1,1548326527247,5.87,-0.62,0.78
1,1548326527247,5.83,-1.05,1.09
1,1548326527247,5.87,-1.79,1.15
1,1548326527310,6.05,-1.5,1.21
1,1548326527311,6.5,-1.13,1.07
1,1548326527311,6.85,-1.11,0.7
1,1548326527311,6.99,-1.4,0.76
1,1548326527311,6.89,-1.32,1.23
1,1548326527311,6.42,-1.36,1.25
1,1548326527312,5.78,-1.34,1.4
1,1548326527388,5.64,-1.11,1.4
1,1548326527389,6.15,-0.99,1.36
1,1548326527389,6.64,-1.09,1.21
1,1548326527390,7.05,-1.25,1.09
1,1548326527390,7.42,-1.07,0.82
1,1548326527390,7.05,-1.07,0.95
1,1548326527398,6.85,-1.07,1.07
1,1548326527398,6.79,-1.28,1.01
1,1548326527459,7.81,-1.26,1.21
1,1548326527535,8.24,-1.13,1.23
1,1548326527611,8.24,-1.05,1.34
1,1548326527640,8.12,-0.23,1.38
1,1548326527641,8.14,0.78,1.36
1,1548326527642,7.92,0.29,1.62
1,1548326527643,7.46,-0.15,2.08
1,1548326527643,7.08,-0.31,2.34
1,1548326527644,6.81,-0.74,2.67
1,1548326527690,8.26,-0.11,2.77
1,1548326527692,8.45,1.26,1.97
1,1548326527692,9.1,0.82,4.58
1,1548326527693,8.67,1.25,4.68
1,1548326527694,8.45,1.6,6.79
1,1548326527694,9.0,1.48,5.95
1,1548326527695,9.25,1.36,5.64
1,1548326527695,9.31,1.58,5.17
1,1548326527763,9.33,1.75,5.01
1,1548326527766,9.49,1.56,3.84
1,1548326527767,8.94,1.3,3.47
1,1548326527768,8.3,1.17,3.73
1,1548326527769,8.32,1.23,3.78
1,1548326527770,8.22,1.44,2.87
1,1548326527771,8.14,1.42,2.01
1,1548326527772,8.28,1.4,1.6
1,1548326527834,8.22,0.74,1.91
1,1548326527852,8.49,-1.17,3.02
1,1548326527853,8.9,-0.76,2.89
1,1548326527853,8.61,0.19,2.28
1,1548326527853,8.16,0.76,2.1
1,1548326527853,8.22,0.41,3.0
1,1548326527854,8.51,0.56,3.0
1,1548326527854,8.71,0.8,2.44
1,1548326527910,8.8,0.93,2.03
1,1548326527911,9.16,1.26,2.77
1,1548326527911,8.88,1.38,2.92
1,1548326527912,8.39,1.3,2.94
1,1548326527912,8.0,0.87,3.14
1,1548326527913,8.57,-0.6,3.9
1,1548326527913,9.02,-0.54,3.94
1,1548326527913,9.21,-0.21,3.63
1,1548326527985,9.16,0.07,3.3
1,1548326527986,9.19,0.37,3.02
1,1548326527986,9.82,1.09,3.0
1,1548326527987,9.98,1.48,2.5
1,1548326527987,9.88,1.42,2.01
1,1548326527988,10.29,0.74,2.4
1,1548326528002,10.01,0.29,3.32
1,1548326528003,9.45,-0.48,3.47
1,1548326528067,8.63,-1.28,3.37
1,1548326528068,7.91,-2.5,4.02
1,1548326528068,7.91,-3.06,3.96
1,1548326528068,8.24,-3.33,4.08
1,1548326528068,8.43,-3.26,4.51
1,1548326528069,8.45,-1.75,4.64
1,1548326528069,8.16,-1.62,3.92
1,1548326528135,8.18,-1.21,2.51
1,1548326528136,8.12,-0.97,1.58
1,1548326528136,8.8,-1.11,1.36
1,1548326528137,9.23,-1.11,1.95
1,1548326528153,9.53,-0.95,2.48
1,1548326528154,9.55,-1.01,3.14
1,1548326528154,9.43,-1.85,4.57
1,1548326528154,9.14,-1.46,4.6
1,1548326528214,8.26,-1.13,4.8
1,1548326528215,7.51,-1.44,4.78
1,1548326528216,7.42,-2.5,5.85
1,1548326528216,7.91,-2.26,6.87
1,1548326528217,7.89,-2.16,7.46
1,1548326528217,7.85,-2.24,7.57
1,1548326528218,7.91,-2.24,7.51
1,1548326528285,7.48,-2.63,7.42
1,1548326528304,7.32,-2.24,8.39
1,1548326528305,7.1,-2.03,8.12
1,1548326528305,7.01,-1.48,9.25
1,1548326528305,7.16,-1.07,9.12
1,1548326528305,7.42,-0.89,8.1
1,1548326528305,8.12,-1.07,7.34
1,1548326528306,8.8,-1.89,5.91
1,1548326528362,8.88,-1.77,5.58
1,1548326528363,8.53,-1.64,5.39
1,1548326528364,8.16,-1.87,5.44
1,1548326528365,7.55,-2.05,5.29
1,1548326528366,7.18,-1.23,4.96
1,1548326528367,7.2,-0.64,4.62
1,1548326528367,7.34,-0.8,4.27
1,1548326528436,8.45,-1.48,3.51
1,1548326528438,9.29,-1.69,3.39
1,1548326528439,9.76,-1.5,3.08
1,1548326528440,9.57,-1.58,3.1
1,1548326528440,8.47,-1.99,2.81
1,1548326528441,7.65,-2.42,2.69
1,1548326528442,7.63,-2.59,2.08
1,1548326528442,7.94,-2.12,3.14
1,1548326528519,8.51,-1.21,3.82
1,1548326528520,8.71,-1.07,4.25
1,1548326528520,8.63,-0.72,4.31
1,1548326528521,8.3,-0.03,4.25
1,1548326528521,7.91,0.44,4.35
1,1548326528521,7.98,-0.11,4.29
1,1548326528521,8.47,-0.42,4.35
1,1548326528584,8.78,-0.54,4.25
1,1548326528585,8.71,-0.95,4.02
1,1548326528585,8.39,-0.99,3.9
1,1548326528585,8.33,-0.93,3.86
1,1548326528585,8.67,-0.74,4.27
1,1548326528586,9.35,-0.35,5.35
1,1548326528586,9.6,0.5,5.33
1,1548326528586,9.96,1.87,5.05
1,1548326528661,10.05,3.1,4.55
1,1548326528662,9.78,2.92,4.49
1,1548326528663,9.62,1.89,4.33
1,1548326528665,9.78,0.37,4.12
1,1548326528666,10.09,-1.07,4.33
1,1548326528667,9.96,-1.75,5.78
1,1548326528669,10.03,-1.15,5.54
1,1548326528732,10.21,-0.99,5.27
1,1548326528733,10.31,-0.93,4.9
1,1548326528733,10.27,-0.09,4.33
1,1548326528733,10.05,0.41,3.98
1,1548326528747,9.57,0.46,3.71
1,1548326528748,8.96,0.23,3.92
1,1548326528748,7.98,1.23,4.45
1,1548326528749,7.94,1.54,4.08
1,1548326528811,8.12,1.42,3.86
1,1548326528813,8.2,0.87,3.49
1,1548326528815,8.32,0.8,2.79
1,1548326528816,8.14,0.82,2.67
1,1548326528817,7.87,0.76,2.5
1,1548326528819,7.44,0.82,2.53
1,1548326528820,6.91,1.46,2.91
1,1548326528887,7.07,1.07,3.14
1,1548326528887,7.34,0.52,3.39
1,1548326528888,7.61,0.25,3.35
1,1548326528888,7.67,0.0,3.12
1,1548326528888,7.28,0.11,2.92
1,1548326528911,6.99,0.41,2.79
1,1548326528912,6.95,0.39,2.85
1,1548326528912,7.34,0.27,2.73
1,1548326529041,7.51,0.23,2.75
1,1548326529043,7.69,0.23,2.87
1,1548326529044,7.87,0.44,2.61
1,1548326529044,7.57,0.42,2.96
1,1548326529045,7.59,0.03,3.53
1,1548326529114,7.85,-0.13,3.78
1,1548326529118,8.04,-0.15,3.45
1,1548326529119,8.2,-0.17,2.42
1,1548326529120,8.28,0.09,2.5
1,1548326529121,8.71,-0.68,3.63
1,1548326529122,8.78,-0.83,3.0
1,1548326529123,9.27,-0.48,1.85
1,1548326529124,9.21,-0.13,1.42
1,1548326529185,9.19,0.13,1.32
1,1548326529196,9.47,-1.69,2.24
1,1548326529197,8.88,-1.07,1.67
1,1548326529197,8.39,-1.05,1.67
1,1548326529197,8.33,-1.09,1.89
1,1548326529197,8.14,-1.6,3.02
1,1548326529197,8.33,-1.17,2.51
1,1548326529198,8.51,-0.42,2.3
1,1548326529261,8.22,0.29,2.53
1,1548326529296,7.92,0.54,2.75
1,1548326529297,7.4,-0.66,2.01
1,1548326529299,7.36,-1.09,2.2
1,1548326529300,7.46,-0.97,2.24
1,1548326529302,7.48,-0.56,2.12
1,1548326529303,7.98,-0.23,2.77
1,1548326529304,8.14,-0.35,3.22
1,1548326529372,8.1,-0.8,3.3
1,1548326529373,8.08,-1.15,3.12
1,1548326529374,8.35,-1.52,1.15
1,1548326529374,8.51,-1.26,0.93
1,1548326529374,8.69,-0.76,-0.27
1,1548326529375,8.96,0.01,0.42
1,1548326529375,8.41,0.01,1.4
1,1548326529375,8.45,-0.58,1.5
1,1548326529410,8.92,-1.03,1.66
1,1548326529411,9.64,-1.42,1.44
1,1548326529413,10.01,-2.4,1.21
1,1548326529416,9.64,-2.81,1.07
1,1548326529417,9.19,-2.79,1.11
1,1548326529417,9.25,-2.08,1.21
1,1548326529418,9.86,-0.5,1.67
1,1548326529484,10.19,-0.29,1.95
1,1548326529497,10.37,-0.8,1.5
1,1548326529498,10.31,-1.11,1.23
1,1548326529498,10.09,-0.74,1.66
1,1548326529498,10.09,-0.5,1.48
1,1548326529499,9.94,-1.01,1.42
1,1548326529499,9.7,-2.03,1.71
1,1548326529499,10.01,-1.25,1.66
1,1548326529590,10.07,-0.64,1.36
1,1548326529591,10.23,-0.39,1.19
1,1548326529591,10.56,-0.41,1.09
1,1548326529591,10.89,-1.32,1.26
1,1548326529591,10.66,-2.18,1.28
1,1548326529592,10.39,-2.61,1.4
1,1548326529592,10.44,-1.89,1.36
1,1548326529636,10.42,-0.7,1.23
1,1548326529637,10.7,-0.62,1.26
1,1548326529645,11.01,-1.01,1.36
1,1548326529646,11.21,-1.11,1.44
1,1548326529646,11.19,-1.87,1.44
1,1548326529646,11.21,-1.67,1.48
1,1548326529646,11.11,-1.48,1.46
1,1548326529647,11.01,-1.5,1.25
1,1548326529710,10.74,-1.79,0.91
1,1548326529712,11.07,-1.56,1.15
1,1548326529714,11.3,-1.13,1.3
1,1548326529715,11.15,-1.28,1.81
1,1548326529716,11.28,-2.69,2.75
1,1548326529717,11.19,-2.44,2.46
1,1548326529718,10.97,-1.58,2.01
1,1548326529789,10.78,-1.07,1.48
1,1548326529791,10.99,-1.32,1.19
1,1548326529793,11.19,-1.79,1.05
1,1548326529795,11.26,-1.89,1.13
1,1548326529796,11.28,-1.56,1.28
1,1548326529798,10.85,-1.01,1.87
1,1548326529799,10.89,-1.07,2.22
1,1548326529864,11.07,-1.48,2.59
1,1548326529866,11.03,-1.75,2.44
1,1548326529869,10.8,-1.44,2.01
1,1548326529872,10.93,-1.42,1.91
1,1548326529874,11.11,-1.67,1.66
1,1548326529874,11.11,-2.28,1.46
1,1548326529875,10.66,-2.85,1.69
1,1548326529877,10.42,-1.83,1.67
1,1548326529937,10.44,-1.21,1.67
1,1548326529938,10.64,-1.25,1.71
1,1548326529939,10.56,-2.38,1.66
1,1548326529939,10.62,-2.46,1.85
1,1548326529940,10.68,-2.44,1.93
1,1548326529940,10.41,-2.16,2.12
1,1548326529941,10.46,-1.38,2.24
1,1548326530013,10.58,-1.64,2.12
1,1548326530014,10.39,-1.81,1.95
1,1548326530015,10.31,-1.58,2.03
1,1548326530015,10.48,-1.17,1.95
1,1548326530016,10.62,-1.28,1.52
1,1548326530017,10.64,-1.58,1.46
1,1548326530017,10.64,-1.62,1.93
1,1548326530018,10.15,-1.52,2.81
1,1548326530086,9.9,-1.15,2.89
1,1548326530088,9.82,-1.09,2.65
1,1548326530089,9.86,-1.54,2.32
1,1548326530090,10.17,-2.2,2.24
1,1548326530091,10.76,-1.95,1.87
1,1548326530092,10.6,-1.48,2.03
1,1548326530093,10.39,-1.19,2.46
1,1548326530095,10.03,-1.17,2.4
1,1548326530164,10.0,-1.3,2.42
1,1548326530166,10.15,-1.6,2.73
1,1548326530167,10.39,-1.81,2.87
1,1548326530168,10.39,-1.23,1.91
1,1548326530168,10.27,-1.36,1.93
1,1548326530169,10.41,-1.46,2.01
1,1548326530169,10.44,-1.4,1.77
1,1548326530237,10.07,-2.05,1.87
1,1548326530238,9.84,-1.87,2.08
1,1548326530239,9.55,-1.6,2.24
1,1548326530240,9.55,-1.23,2.32
1,1548326530241,9.88,-1.15,2.38
1,1548326530242,10.15,-1.21,2.38
1,1548326530243,10.15,-1.38,2.53
1,1548326530314,9.9,-1.75,2.65
1,1548326530315,9.58,-1.73,2.36
1,1548326530316,9.27,-1.11,1.75
1,1548326530317,9.72,-0.99,1.69
1,1548326530318,10.01,-1.07,1.71
1,1548326530319,9.98,-1.32,1.93
1,1548326530320,10.09,-1.66,2.26
1,1548326530321,9.84,-1.6,2.24
1,1548326530387,9.62,-1.62,2.18
1,1548326530390,9.58,-1.67,2.18
1,1548326530392,10.05,-1.15,1.97
1,1548326530393,10.13,-1.3,1.79
1,1548326530394,10.27,-1.32,1.6
1,1548326530396,10.29,-1.3,1.66
1,1548326530397,10.03,-1.87,2.26
1,1548326530459,9.58,-1.03,3.1
1,1548326530459,9.39,-0.7,2.65
1,1548326530460,9.53,-0.95,2.03
1,1548326530460,10.29,-1.6,1.21
1,1548326530461,10.56,-1.81,1.3
1,1548326530461,10.44,-1.81,1.77
1,1548326530461,10.23,-1.71,2.34
1,1548326530461,9.76,-1.23,2.42
1,1548326530541,9.8,-1.46,1.85
1,1548326530542,9.92,-1.73,1.66
1,1548326530543,10.0,-1.83,1.62
1,1548326530543,9.88,-1.56,1.67
1,1548326530544,10.03,-1.32,1.67
1,1548326530545,9.64,-1.87,2.07
1,1548326530545,10.15,-1.62,2.44
1,1548326530611,9.82,-1.07,1.75
1,1548326530612,9.35,-2.2,1.81
1,1548326530613,10.19,-1.89,1.83
1,1548326530613,10.95,-0.44,1.71
1,1548326530614,10.52,-2.18,1.79
1,1548326530614,11.11,-2.1,2.2
1,1548326530614,10.97,-1.09,3.04
1,1548326530615,9.98,-1.11,3.12
1,1548326530686,9.43,-1.09,2.85
1,1548326530689,9.16,-0.66,2.96
1,1548326530690,9.25,-0.82,2.85
1,1548326530691,9.12,-1.5,2.79
1,1548326530692,8.8,-2.08,1.44
1,1548326530693,9.14,-1.19,1.25
1,1548326530694,9.02,-1.09,1.69
1,1548326530695,9.62,-1.03,1.83
1,1548326530766,9.78,-1.11,1.77
1,1548326530767,9.55,-1.11,1.73
1,1548326530768,9.37,-1.46,1.54
1,1548326530769,9.35,-2.05,1.6
1,1548326530769,9.86,-1.95,1.91
1,1548326530770,9.96,-1.6,1.99
1,1548326530771,10.19,-1.26,1.75
1,1548326530835,10.17,-1.11,1.67
1,1548326530835,10.17,-1.6,1.81
1,1548326530857,10.74,-1.75,2.08
1,1548326530858,11.03,-1.71,2.22
1,1548326530858,11.21,-1.54,2.22
1,1548326530858,12.03,-0.37,2.85
1,1548326530859,9.53,-1.46,2.71
1,1548326530909,10.42,-1.19,2.85
1,1548326530923,11.05,-0.74,3.33
1,1548326530924,10.31,-1.56,4.8
1,1548326530924,11.15,-1.28,4.57
1,1548326530924,10.5,-1.97,3.94
1,1548326530924,10.83,-1.5,3.0
1,1548326530925,10.5,-2.16,2.53
1,1548326530925,11.05,-1.03,2.59
1,1548326530984,10.85,-0.91,2.48
1,1548326530986,9.92,-2.14,2.03
1,1548326530987,10.31,-3.02,3.8
1,1548326530987,10.25,-2.55,4.72
1,1548326530987,10.07,-2.57,4.88
1,1548326530988,9.82,-2.96,5.17
1,1548326530988,9.86,-2.73,4.37
1,1548326531059,9.51,-2.18,3.78
1,1548326531134,9.33,-1.87,3.35
1,1548326531213,9.27,-1.75,3.06
1,1548326531215,9.37,-1.4,2.75
1,1548326531217,9.21,-1.28,2.87
1,1548326531218,9.1,-1.28,3.08
1,1548326531219,9.0,-1.28,3.45
1,1548326531219,9.08,-1.21,3.84
1,1548326531220,8.92,-1.11,4.04
1,1548326531221,8.69,-1.13,4.16
1,1548326531291,7.94,0.35,1.36
1,1548326531292,8.69,-0.82,2.83
1,1548326531294,8.61,-0.83,2.91
1,1548326531295,8.63,-0.76,2.73
1,1548326531297,8.53,-0.7,2.77
1,1548326531298,8.53,-0.48,3.0
1,1548326531299,8.57,-0.54,3.22
1,1548326531300,8.65,-0.52,3.37
1,1548326531361,8.75,-0.35,3.47
1,1548326531377,8.69,0.25,3.75
1,1548326531378,8.69,0.44,3.75
1,1548326531378,8.61,0.21,3.84
1,1548326531378,8.61,-0.21,3.9
1,1548326531379,8.9,-0.48,3.96
1,1548326531379,9.04,-0.35,4.02
1,1548326531379,9.06,-0.25,4.19
1,1548326531434,9.12,-0.19,4.45
1,1548326531435,9.25,-0.21,4.8
1,1548326531436,9.41,0.07,4.74
1,1548326531436,9.39,0.46,4.68
1,1548326531436,9.25,0.54,4.66
1,1548326531437,9.39,-0.09,4.82
1,1548326531437,9.53,-0.37,4.92
1,1548326531511,9.47,-0.52,5.05
1,1548326531513,9.39,-0.54,5.17
1,1548326531515,9.19,-0.6,5.35
1,1548326531516,9.16,-0.82,5.39
1,1548326531517,9.17,-0.97,5.56
1,1548326531518,9.27,-0.99,5.78
1,1548326531518,9.16,-0.8,6.25
1,1548326531519,9.08,-0.58,6.46
1,1548326531589,9.12,-0.37,6.15
1,1548326531591,9.06,-0.19,6.25
1,1548326531592,9.27,0.0,6.48
1,1548326531593,9.45,0.13,6.5
1,1548326531595,9.49,0.13,6.48
1,1548326531596,9.55,0.05,6.48
1,1548326531597,9.6,-0.05,6.4
1,1548326531660,9.6,-0.03,6.19
1,1548326531661,9.43,-0.07,5.95
1,1548326531738,9.47,0.23,5.58
1,1548326531739,9.58,0.21,5.48
1,1548326531739,9.57,0.19,5.46
1,1548326531739,9.49,0.21,5.48
1,1548326531739,9.37,0.29,5.37
1,1548326531740,9.04,0.41,5.15
1,1548326531740,8.86,0.42,5.03
1,1548326531740,8.76,0.39,4.88
1,1548326531973,8.8,0.31,4.78
1,1548326531975,9.31,0.35,4.51
1,1548326531976,11.28,0.29,4.14
1,1548326531978,11.58,0.29,4.08
1,1548326531979,11.75,0.31,3.88
1,1548326532037,11.87,0.39,3.8
1,1548326532049,11.62,0.62,3.69
1,1548326532050,11.54,0.87,3.57
1,1548326532050,11.75,1.11,3.76
1,1548326532050,9.43,3.96,4.84
1,1548326532050,9.04,3.98,4.92
1,1548326532051,8.73,4.25,4.74
1,1548326532051,8.71,4.57,4.51
1,1548326532112,8.67,4.68,4.16
1,1548326532112,7.22,3.53,3.88
1,1548326532132,6.77,3.3,3.65
1,1548326532133,5.91,3.08,2.59
1,1548326532133,5.7,3.35,1.99
1,1548326532133,5.64,3.98,1.75
1,1548326532134,5.58,4.86,1.03
1,1548326532134,5.15,7.03,1.07
1,1548326532187,4.57,7.57,1.26
1,1548326532189,4.19,7.83,1.81
1,1548326532190,4.14,8.06,2.67
1,1548326532191,4.16,7.5,3.08
1,1548326532192,4.29,7.14,2.79
1,1548326532203,4.43,6.85,2.22
1,1548326532203,4.27,6.67,1.67
1,1548326532204,3.49,6.56,1.13
1,1548326532262,3.86,6.91,0.76
1,1548326532263,3.92,7.48,1.07
1,1548326532263,3.53,7.67,1.3
1,1548326532263,2.77,7.4,1.83
1,1548326532264,2.46,7.26,3.92
1,1548326532264,1.99,6.89,1.97
1,1548326532264,2.14,6.75,2.12
1,1548326532264,1.81,6.58,1.64
1,1548326532334,2.32,7.14,1.87
1,1548326532335,2.63,7.87,2.14
1,1548326532335,2.42,8.63,2.26
1,1548326532362,0.72,7.22,4.19
1,1548326532364,-0.31,5.25,7.32
1,1548326532365,0.37,5.62,3.71
1,1548326532365,0.68,7.42,3.0
1,1548326532421,0.48,9.19,4.25
1,1548326532421,0.6,9.04,4.43
1,1548326532422,0.7,9.02,4.76
1,1548326532422,0.82,9.39,5.19
1,1548326532422,0.68,9.92,5.85
1,1548326532486,0.25,8.71,5.99
1,1548326532487,0.78,7.87,6.38
1,1548326532491,0.8,6.56,6.44
1,1548326532492,0.58,4.6,5.72
1,1548326532494,0.83,4.8,5.46
1,1548326532495,1.62,5.62,4.78
1,1548326532496,1.83,6.73,4.92
1,1548326532497,0.74,7.63,5.09
1,1548326532582,0.83,7.18,5.21
1,1548326532583,0.74,6.73,5.23
1,1548326532583,0.64,7.08,5.17
1,1548326532584,0.6,7.07,5.42
1,1548326532584,0.5,6.71,5.68
1,1548326532584,0.7,6.34,5.99
1,1548326532585,0.62,6.21,6.44
1,1548326532585,0.62,6.03,6.48
1,1548326532637,0.82,6.13,6.38
1,1548326532638,0.91,6.5,5.99
1,1548326532638,0.8,7.26,5.35
1,1548326532653,1.09,7.89,4.94
1,1548326532654,1.25,8.45,5.0
1,1548326532654,1.23,8.69,5.15
1,1548326532654,1.15,8.69,5.54
1,1548326532654,1.03,8.43,5.76
1,1548326532711,1.3,8.18,5.62
1,1548326532711,1.38,7.81,5.41
1,1548326532712,0.85,7.42,5.11
1,1548326532712,1.11,7.87,4.9
1,1548326532712,1.13,7.98,4.55
1,1548326532712,0.91,7.75,4.55
1,1548326532721,0.87,7.92,5.52
1,1548326532721,0.82,7.87,6.3
1,1548326532784,0.85,7.67,7.2
1,1548326532785,1.13,7.73,7.51
1,1548326532785,0.68,8.96,6.79
1,1548326532807,0.62,9.35,6.4
1,1548326532808,0.52,9.1,6.34
1,1548326532808,0.42,8.33,6.23
1,1548326532809,0.48,6.91,5.72
1,1548326532861,0.54,6.69,5.48
1,1548326532861,0.35,6.73,5.17
1,1548326532879,0.25,6.77,5.09
1,1548326532879,0.13,6.26,5.39
1,1548326532879,0.09,6.48,5.23
1,1548326532879,0.03,6.77,5.21
1,1548326532880,-0.13,6.91,5.23
1,1548326532880,-0.13,6.38,5.78
1,1548326532935,-0.15,6.01,6.01
1,1548326532937,-0.01,5.72,6.19
1,1548326532938,-0.05,5.66,6.4
1,1548326532939,0.07,6.19,6.4
1,1548326532939,0.44,6.75,6.38
1,1548326532940,0.64,7.53,5.85
1,1548326532941,0.62,8.63,5.39
1,1548326533014,-0.41,6.77,6.36
1,1548326533016,0.17,4.19,9.57
1,1548326533025,0.83,3.55,11.56
1,1548326533026,0.89,3.84,10.5
1,1548326533027,-0.52,5.25,9.33
1,1548326533027,-0.8,5.82,8.24
1,1548326533027,-0.82,5.97,7.34
1,1548326533028,-0.62,5.91,6.79
1,1548326533085,-0.83,5.68,6.44
1,1548326533086,-0.83,5.46,6.13
1,1548326533086,-0.5,5.39,6.05
1,1548326533086,-0.15,5.74,5.82
1,1548326533087,0.42,7.65,5.58
1,1548326533087,0.35,8.43,5.6
1,1548326533087,0.46,9.16,5.74
1,1548326533162,0.6,9.51,5.95
1,1548326533174,0.68,8.35,6.81
1,1548326533175,0.82,7.42,7.12
1,1548326533175,0.97,6.67,7.65
1,1548326533175,0.78,6.48,7.79
1,1548326533175,0.64,7.32,7.5
1,1548326533175,0.56,7.44,7.38
1,1548326533176,0.11,6.81,6.91
1,1548326533234,0.66,4.74,6.93
1,1548326533237,1.73,5.13,7.51
1,1548326533238,1.56,5.93,5.0
1,1548326533239,2.46,5.89,6.48
1,1548326533240,3.43,7.75,6.85
1,1548326533241,2.65,10.27,6.36
1,1548326533242,2.44,9.29,6.83
1,1548326533339,2.65,7.96,7.22
1,1548326533340,2.53,7.18,6.97
1,1548326533340,2.38,7.4,5.46
1,1548326533341,2.55,7.61,5.07
1,1548326533341,2.75,8.02,4.49
1,1548326533341,2.81,8.65,3.92
1,1548326533342,2.94,9.31,2.94
1,1548326533342,2.73,9.16,3.9
1,1548326533388,2.28,8.75,4.16
1,1548326533389,1.91,8.0,4.55
1,1548326533389,1.71,6.56,5.33
1,1548326533410,1.58,6.13,5.83
1,1548326533410,1.58,5.82,6.25
1,1548326533411,1.21,5.62,6.26
1,1548326533411,0.6,5.93,4.84
1,1548326533459,-0.07,5.58,5.95
1,1548326533460,-0.58,5.76,6.36
1,1548326533461,-0.7,6.79,6.97
1,1548326533462,-1.15,7.1,7.51
1,1548326533463,-0.44,5.58,8.8
1,1548326533464,0.23,3.78,10.21
1,1548326533534,0.7,2.89,11.11
1,1548326533536,1.52,4.55,11.21
1,1548326533537,1.52,6.38,10.35
1,1548326533537,1.5,6.95,9.62
1,1548326533538,1.81,6.85,8.94
1,1548326533538,2.91,7.71,7.34
1,1548326533539,2.81,7.2,6.66
1,1548326533540,2.91,6.21,6.21
1,1548326533613,3.26,5.11,6.17
1,1548326533630,4.45,7.69,4.47
1,1548326533630,6.21,10.44,3.45
1,1548326533631,3.96,10.42,4.35
1,1548326533631,3.26,8.06,5.58
1,1548326533631,3.59,4.21,7.03
1,1548326533631,3.43,3.86,6.95
1,1548326533632,3.02,4.41,6.64
1,1548326533684,2.55,4.68,6.25
1,1548326533685,2.28,5.23,6.6
1,1548326533685,2.71,6.25,6.73
1,1548326533686,2.5,8.06,6.52
1,1548326533696,2.18,9.1,6.64
1,1548326533697,1.79,8.16,6.81
1,1548326533697,2.32,6.26,6.69
1,1548326533697,2.16,6.58,6.34
1,1548326533764,1.93,6.87,5.97
1,1548326533764,1.89,5.93,5.62
1,1548326533764,2.14,5.97,5.31
1,1548326533765,2.48,6.6,4.88
1,1548326533765,3.08,8.08,4.98
1,1548326533765,2.98,10.54,5.48
1,1548326533766,2.96,9.78,6.11
1,1548326533766,3.39,8.61,6.66
1,1548326533935,4.04,8.39,6.48
1,1548326533937,4.06,9.51,4.14
1,1548326533937,5.07,11.19,2.51
1,1548326533938,5.15,12.77,0.83
1,1548326533939,5.78,13.57,0.35
1,1548326533991,5.62,10.95,0.31
1,1548326533992,6.28,9.14,1.6
1,1548326533994,6.6,8.1,3.41
1,1548326533994,6.25,7.44,4.78
1,1548326533995,5.5,6.54,3.82
1,1548326533996,5.91,7.38,3.12
1,1548326533997,5.99,8.06,3.08
1,1548326533997,5.87,7.81,3.3
1,1548326534064,5.35,7.14,5.17
1,1548326534064,2.92,9.47,5.33
1,1548326534065,2.55,8.67,6.25
1,1548326534065,2.16,7.32,7.67
1,1548326534065,0.23,2.77,8.45
1,1548326534066,0.05,1.58,9.1
1,1548326534066,0.46,3.59,8.73
1,1548326534066,0.07,6.15,7.94
1,1548326534134,-1.05,8.43,6.23
1,1548326534135,-1.28,7.63,6.17
1,1548326534214,-1.23,6.36,6.32
1,1548326534215,-1.21,5.19,6.26
1,1548326534216,-1.28,4.37,6.26
1,1548326534217,-0.93,3.73,5.15
1,1548326534217,-0.46,4.1,4.29
1,1548326534218,-0.58,4.55,3.73
1,1548326534219,-0.68,4.49,3.49
1,1548326534220,0.03,4.82,3.51
1,1548326534288,0.41,5.5,3.9
1,1548326534289,0.54,6.52,4.51
1,1548326534290,2.69,9.74,9.04
1,1548326534291,2.96,9.62,7.65
1,1548326534292,3.1,9.45,6.97
1,1548326534292,3.0,9.17,6.34
1,1548326534293,2.81,8.49,5.74
1,1548326534294,3.14,7.51,5.44
1,1548326534365,3.55,7.07,5.78
1,1548326534369,3.55,7.22,5.13
1,1548326534370,3.9,7.08,4.43
1,1548326534373,3.88,7.18,3.76
1,1548326534374,3.94,7.77,3.82
1,1548326534375,3.86,8.14,3.82
1,1548326534375,4.29,8.35,4.31
1,1548326534377,3.78,7.83,6.23
1,1548326534434,3.78,7.46,6.95
1,1548326534453,3.92,7.32,7.38
1,1548326534454,2.94,7.59,6.95
1,1548326534455,3.1,8.1,6.32
1,1548326534456,3.67,8.55,5.85
1,1548326534457,3.59,8.37,5.35
1,1548326534458,2.92,7.32,4.43
1,1548326534459,2.55,6.71,3.96
1,1548326534510,3.33,5.8,3.75
1,1548326534511,3.63,4.72,4.78
1,1548326534512,3.63,3.33,5.39
1,1548326534512,5.48,1.54,6.71
1,1548326534512,5.07,1.36,7.18
1,1548326534513,4.68,1.3,7.2
1,1548326534514,3.47,0.99,7.16
1,1548326534586,3.45,1.15,6.44
1,1548326534587,3.14,1.32,5.41
1,1548326534588,2.32,1.77,4.14
1,1548326534588,2.5,2.87,3.22
1,1548326534589,2.48,3.61,1.19
1,1548326534589,2.63,3.57,0.7
1,1548326534590,1.4,3.51,0.48
1,1548326534660,-0.48,4.37,1.52
1,1548326534661,-2.05,5.52,-0.62
1,1548326534734,-2.42,4.92,-2.2
1,1548326534811,-1.67,6.54,-0.99
1,1548326534812,-1.71,9.53,1.87
1,1548326534812,-0.7,8.65,3.04
1,1548326534812,1.03,7.59,2.85
1,1548326534813,2.05,7.69,5.39
1,1548326534814,2.79,7.69,4.88
1,1548326534819,2.5,5.91,3.78
1,1548326534820,1.97,4.55,3.43
1,1548326534886,7.2,2.69,0.82
1,1548326534887,10.19,2.71,3.41
1,1548326534887,10.93,3.67,3.37
1,1548326534888,11.66,4.8,3.63
1,1548326534888,11.32,4.68,4.08
1,1548326534890,10.87,4.14,4.02
1,1548326534891,10.7,3.41,4.1
1,1548326534893,11.44,2.34,4.0
1,1548326534963,11.56,1.38,3.67
1,1548326534965,11.79,-0.11,3.39
1,1548326534967,12.18,-1.21,3.26
1,1548326534968,13.28,-2.34,3.33
1,1548326534968,13.43,-2.81,3.75
1,1548326534969,13.33,-2.91,4.12
1,1548326534970,13.0,-2.87,4.31
1,1548326534971,12.07,-2.61,3.22
1,1548326535036,11.54,-2.22,2.53
1,1548326535037,11.05,-1.6,2.16
1,1548326535037,10.6,-1.23,1.83
1,1548326535037,10.74,-0.8,1.48
1,1548326535038,10.99,-0.54,1.79
1,1548326535038,11.11,-0.44,2.32
1,1548326535038,11.09,-0.48,2.89
1,1548326535039,11.36,-0.42,3.16
1,1548326535112,11.46,-0.83,3.1
1,1548326535114,12.18,-0.97,3.35
1,1548326535114,12.79,-0.7,3.49
1,1548326535115,11.81,-1.25,3.69
1,1548326535116,11.54,-2.46,4.16
1,1548326535117,11.48,-3.67,4.55
1,1548326535143,11.73,-4.25,4.88
1,1548326535197,11.56,-4.66,5.68
1,1548326535199,11.44,-4.02,5.76
1,1548326535201,11.42,-3.18,5.62
1,1548326535203,11.25,-2.14,5.46
1,1548326535203,10.68,-1.09,5.05
1,1548326535204,10.42,-1.15,4.76
1,1548326535205,10.33,-1.6,4.37
1,1548326535206,10.15,-2.57,4.12
1,1548326535261,10.74,-3.24,4.06
1,1548326535262,11.21,-2.98,4.06
1,1548326535262,11.85,-2.61,3.37
1,1548326535262,11.66,-1.95,4.08
1,1548326535263,10.27,-1.46,5.91
1,1548326535264,10.15,-0.64,5.41
1,1548326535264,9.49,-1.19,5.13
1,1548326535417,8.69,-1.52,4.88
1,1548326535419,9.45,-1.26,3.26
1,1548326535420,9.96,-1.03,3.12
1,1548326535421,9.57,-0.64,3.3
1,1548326535422,9.7,-0.09,3.35
1,1548326535489,9.41,-0.6,2.85
1,1548326535491,9.7,-0.7,2.36
1,1548326535493,9.7,-1.28,2.36
1,1548326535497,9.68,-2.32,2.83
1,1548326535498,11.09,-3.18,3.88
1,1548326535499,12.16,-3.55,5.11
1,1548326535500,12.75,-2.18,4.76
1,1548326535501,13.41,-0.17,4.29
1,1548326535568,13.92,4.16,3.63
1,1548326535569,11.36,0.11,5.62
1,1548326535570,9.76,-2.46,7.14
1,1548326535571,11.03,-4.39,5.66
1,1548326535571,9.27,-3.86,4.51
1,1548326535572,10.6,-1.91,1.09
1,1548326535573,10.15,0.87,-0.83
1,1548326535573,9.12,1.56,-1.05
1,1548326535633,10.09,-7.5,-1.58
1,1548326535642,10.82,-7.2,-1.25
1,1548326535643,10.58,-4.37,-1.48
1,1548326535643,11.15,-0.72,-0.29
1,1548326535644,11.62,-1.21,0.78
1,1548326535644,12.3,-2.32,2.4
1,1548326535644,12.67,-3.71,4.12
1,1548326535644,11.36,-6.34,6.36
1,1548326535710,11.46,-5.39,3.04
1,1548326535711,11.54,-3.04,1.07
1,1548326535711,11.46,-0.78,-0.41
1,1548326535711,11.26,0.74,1.93
1,1548326535711,12.36,-1.62,5.01
1,1548326535712,13.55,-1.3,3.2
1,1548326535712,13.24,-1.11,1.81
1,1548326535712,11.54,-4.31,2.73
1,1548326535786,12.51,-5.01,3.55
1,1548326535786,13.02,-4.55,2.92
1,1548326535787,12.55,-2.98,1.23
1,1548326535787,11.97,-1.13,1.58
1,1548326535787,12.38,-0.82,2.18
1,1548326535788,12.24,-2.42,1.34
1,1548326535793,12.53,-3.28,1.01
1,1548326535794,13.14,-2.77,1.4
1,1548326535861,12.77,-2.46,4.17
1,1548326535862,12.53,-3.45,4.25
1,1548326535862,12.07,-4.96,3.61
1,1548326535862,12.14,-4.62,3.1
1,1548326535863,11.71,0.35,1.62
1,1548326535863,11.36,1.34,0.97
1,1548326535941,11.28,0.64,0.68
1,1548326535942,12.07,-0.82,1.17
1,1548326535943,13.22,-3.9,4.43
1,1548326535943,13.76,-4.33,5.95
1,1548326535944,14.6,-3.28,4.14
1,1548326535944,13.49,-3.3,0.56
1,1548326535945,12.03,-2.2,-1.32
1,1548326535945,12.92,-0.99,-1.36
1,1548326535946,12.83,-0.62,-0.31
1,1548326536009,12.87,-0.74,1.44
1,1548326536010,13.71,-2.48,2.08
1,1548326536010,13.53,-3.37,0.83
1,1548326536010,13.63,-2.2,0.03
1,1548326536011,13.16,0.11,0.33
1,1548326536011,11.34,3.73,1.15
1,1548326536011,9.84,2.51,2.63
1,1548326536086,7.53,0.39,5.23
1,1548326536087,7.05,0.39,6.05
1,1548326536088,10.37,1.81,5.15
1,1548326536090,11.28,0.0,5.23
1,1548326536090,12.34,-0.72,6.58
1,1548326536091,12.91,-0.5,7.48
1,1548326536091,11.44,-0.13,5.87
1,1548326536100,9.62,-0.82,4.43
1,1548326536168,8.98,-0.39,4.0
1,1548326536169,9.39,0.35,4.06
1,1548326536169,11.5,0.44,3.86
1,1548326536169,11.54,-1.05,4.64
1,1548326536170,11.77,-0.74,6.11
1,1548326536170,12.07,0.6,5.82
1,1548326536170,8.84,-0.01,5.89
1,1548326536233,8.73,-0.13,5.56
1,1548326536248,9.21,0.0,4.57
1,1548326536248,10.01,-0.41,3.59
1,1548326536248,10.09,1.17,2.92
1,1548326536248,9.8,2.1,5.27
1,1548326536248,9.23,2.83,7.03
1,1548326536249,7.85,1.97,6.58
1,1548326536249,5.89,-0.44,4.6
1,1548326536311,5.39,-0.46,2.87
1,1548326536312,5.64,-0.68,3.04
1,1548326536312,6.07,-0.6,4.33
1,1548326536312,5.78,1.52,3.28
1,1548326536312,4.51,1.58,3.26
1,1548326536312,3.28,0.46,3.78
1,1548326536313,1.89,0.52,4.84
1,1548326536386,1.5,-0.13,3.55
1,1548326536387,1.3,0.03,4.37
1,1548326536387,1.5,-0.37,2.75
1,1548326536388,0.0,-1.4,3.88
1,1548326536388,0.87,0.25,3.69
1,1548326536388,-0.13,1.03,3.37
1,1548326536388,-1.62,0.89,5.66
1,1548326536388,-1.38,1.19,7.2
1,1548326536471,-2.34,-2.01,4.62
1,1548326536473,-3.2,-4.35,5.03
1,1548326536474,-3.3,-3.63,5.37
1,1548326536475,-3.12,-1.19,5.01
1,1548326536475,-4.02,1.4,7.59
1,1548326536477,-2.34,1.62,7.05
1,1548326536477,-3.28,-0.52,6.4
1,1548326536538,-4.08,-3.43,7.1
1,1548326536540,-3.33,-2.12,7.16
1,1548326536541,-4.53,-1.75,7.32
1,1548326536541,-3.98,-0.97,8.9
1,1548326536542,-3.98,-0.97,8.9
1,1548326536543,-3.24,-1.6,5.05
1,1548326536544,-3.12,-1.97,6.19
1,1548326536610,-2.67,-0.52,6.28
1,1548326536618,-2.77,0.68,7.01
1,1548326536618,-4.08,-1.23,7.24
1,1548326536618,-4.19,-1.01,5.13
1,1548326536619,-5.64,-1.99,4.82
1,1548326536619,-6.64,-2.96,5.52
1,1548326536619,-6.52,-1.87,4.21
1,1548326536619,-7.24,-2.12,5.11
1,1548326536686,-7.26,-1.85,5.21
1,1548326536686,-6.64,-1.26,5.8
1,1548326536687,-6.71,-1.03,5.09
1,1548326536687,-6.89,-2.01,5.27
1,1548326536688,-7.46,-2.98,5.07
1,1548326536703,-8.33,-2.03,4.04
1,1548326536704,-8.92,-1.09,4.88
1,1548326536775,-8.22,-1.05,5.29
1,1548326536775,-7.59,-1.09,5.05
1,1548326536776,-7.85,-1.73,5.7
1,1548326536776,-8.28,-1.38,5.11
1,1548326536776,-8.78,-2.01,4.47
1,1548326536777,-9.14,-1.54,3.67
1,1548326536777,-9.7,-1.01,4.51
1,1548326536777,-8.9,-0.99,4.92
1,1548326536837,-8.18,-1.17,5.72
1,1548326536840,-7.96,-0.83,5.5
1,1548326536841,-8.49,-1.17,4.8
1,1548326536841,-9.43,-1.03,4.74
1,1548326536842,-9.06,-0.66,4.58
1,1548326536843,-9.1,-0.89,4.51
1,1548326536843,-9.33,-0.95,4.08
1,1548326536912,-8.61,-0.87,5.56
1,1548326536912,-8.41,-1.09,5.74
1,1548326536913,-8.82,-1.09,5.48
1,1548326536913,-8.92,-0.6,4.29
1,1548326536913,-8.96,-1.58,3.84
1,1548326536946,-9.16,-1.34,3.75
1,1548326536947,-9.16,-1.09,3.82
1,1548326536948,-8.9,-0.85,4.49
1,1548326537003,-9.06,-0.76,5.85
1,1548326537004,-8.67,0.31,4.21
1,1548326537004,-8.1,0.09,4.82
1,1548326537005,-8.8,-1.6,5.19
1,1548326537005,-7.73,-0.05,4.04
1,1548326537006,-8.86,-1.32,4.47
1,1548326537006,-8.45,-1.17,4.96
1,1548326537071,-8.45,-0.7,5.0
1,1548326537072,-8.92,-0.93,4.14
1,1548326537074,-8.67,-0.93,4.25
1,1548326537075,-8.78,-0.93,3.76
1,1548326537075,-8.9,-1.13,3.53
1,1548326537076,-8.98,-1.36,3.92
1,1548326537076,-8.96,-1.09,3.82
1,1548326537077,-8.9,-1.09,3.84
1,1548326537135,-9.14,-0.64,4.0
1,1548326537136,-9.43,-0.85,4.29
1,1548326537137,-9.16,-0.48,4.49
1,1548326537138,-8.88,-0.7,4.57
1,1548326537139,-9.14,-1.11,4.64
1,1548326537139,-9.19,-0.82,4.7
1,1548326537140,-9.76,-1.13,5.05
1,1548326537213,-9.84,-0.82,5.19
1,1548326537215,-9.68,0.27,4.57
1,1548326537216,-9.47,-0.33,4.08
1,1548326537217,-9.25,-0.31,3.96
1,1548326537218,-9.58,-0.39,3.73
1,1548326537219,-9.58,-0.58,3.75
1,1548326537220,-10.33,-0.35,2.69
1,1548326537221,-10.29,0.07,2.77
1,1548326537286,-10.07,0.0,2.77
1,1548326537287,-9.41,0.31,3.3
1,1548326537287,-9.39,-0.07,2.91
1,1548326537288,-9.0,-0.05,2.42
1,1548326537288,-9.33,-0.13,2.32
1,1548326537289,-10.07,-0.8,2.24
1,1548326537289,-9.94,-0.05,3.3
1,1548326537373,-9.9,0.83,3.04
1,1548326537374,-9.6,0.35,2.83
1,1548326537375,-9.51,-0.31,2.83
1,1548326537376,-9.82,0.37,2.2
1,1548326537376,-9.7,-0.48,2.61
1,1548326537377,-9.33,-0.37,3.43
1,1548326537378,-9.72,0.0,3.3
1,1548326537378,-9.74,-0.09,2.71
1,1548326537435,-9.7,0.05,3.53
1,1548326537436,-9.82,-0.41,3.43
1,1548326537436,-10.15,-0.95,2.22
1,1548326537437,-10.74,-0.13,1.64
1,1548326537437,-10.72,-0.44,1.54
1,1548326537437,-10.17,-0.87,1.79
1,1548326537438,-9.98,-0.27,2.07
1,1548326537512,-9.29,-0.09,3.1
1,1548326537512,-9.41,-0.17,3.08
1,1548326537513,-9.82,0.31,2.71
1,1548326537513,-10.23,-0.23,2.12
1,1548326537513,-10.58,-1.03,1.38
1,1548326537514,-10.68,-0.7,1.11
1,1548326537514,-10.39,-0.74,1.19
1,1548326537514,-10.6,-1.07,1.21
1,1548326537586,-11.17,-0.11,0.21
1,1548326537587,-11.38,0.37,0.54
1,1548326537587,-11.38,-0.23,1.05
1,1548326537587,-11.62,-0.68,1.28
1,1548326537587,-10.64,0.46,1.03
1,1548326537587,-10.93,-0.83,1.34
1,1548326537588,-10.48,-0.85,1.28
1,1548326537674,-10.97,-0.44,1.21
1,1548326537675,-11.77,-0.68,0.8
1,1548326537675,-11.91,-0.6,1.01
1,1548326537675,-11.93,-0.13,1.42
1,1548326537676,-11.3,0.83,1.66
1,1548326537676,-10.66,0.6,1.09
1,1548326537676,-11.56,-0.48,0.72
1,1548326537677,-11.83,-0.78,0.85
1,1548326537734,-12.05,-1.26,1.19
1,1548326537743,-12.51,-1.11,0.93
1,1548326537744,-12.69,-1.07,1.44
1,1548326537744,-12.16,-1.13,1.21
1,1548326537744,-11.3,-0.5,0.25
1,1548326537744,-11.89,0.31,-0.85
1,1548326537894,-11.77,-0.13,-0.07
1,1548326537896,-11.23,-0.5,0.5
1,1548326537897,-10.99,-0.64,0.93
1,1548326537898,-11.48,-1.07,0.15
1,1548326537898,-11.62,-0.5,-0.95
1,1548326537991,-12.36,0.27,-1.26
1,1548326537991,-12.03,0.21,-0.72
1,1548326537992,-10.68,-0.72,1.05
1,1548326537992,-10.52,-0.37,1.26
1,1548326537992,-10.91,-0.31,1.42
1,1548326537992,-10.44,-1.34,-0.21
1,1548326537993,-10.07,-1.26,-0.6
1,1548326537993,-10.41,-0.5,-1.48
1,1548326538038,-10.23,-0.27,-0.46
1,1548326538040,-10.07,-1.28,0.27
1,1548326538041,-10.01,-1.05,-1.19
1,1548326538042,-10.56,-0.82,-1.87
1,1548326538043,-10.72,-0.44,-1.44
1,1548326538044,-9.78,-0.72,0.8
1,1548326538045,-9.53,-0.76,1.17
1,1548326538047,-9.21,0.07,0.46
1,1548326538110,-9.39,0.07,0.5
1,1548326538110,-10.13,-0.37,0.52
1,1548326538186,-10.31,-0.5,-0.58
1,1548326538198,-10.25,-0.89,-0.58
1,1548326538198,-10.27,-0.87,-0.17
1,1548326538199,-10.44,-0.15,0.21
1,1548326538199,-10.37,0.21,0.17
1,1548326538199,-10.09,0.5,0.5
1,1548326538199,-10.0,0.33,0.27
1,1548326538200,-10.15,-0.31,-0.01
1,1548326538262,-10.13,0.33,0.01
1,1548326538262,-10.91,0.03,-0.7
1,1548326538263,-10.46,0.13,-0.74
1,1548326538289,-10.07,0.62,0.13
1,1548326538290,-9.86,1.19,0.6
1,1548326538290,-9.86,1.6,0.54
1,1548326538290,-10.33,0.7,0.15
1,1548326538290,-10.6,0.78,-0.8
1,1548326538335,-11.09,0.5,-1.25
1,1548326538336,-11.23,0.19,-1.21
1,1548326538336,-11.07,0.5,-0.78
1,1548326538349,-10.74,0.41,-0.54
1,1548326538350,-10.37,0.82,-0.33
1,1548326538350,-10.27,1.4,-0.13
1,1548326538350,-10.29,0.33,0.11
1,1548326538351,-10.39,0.01,-0.15
1,1548326538410,-10.41,0.52,-0.74
1,1548326538410,-10.76,0.78,-0.68
1,1548326538411,-10.13,0.21,-0.21
1,1548326538411,-9.76,0.35,-0.21
1,1548326538412,-9.45,1.01,-0.01
1,1548326538412,-9.6,1.05,-0.05
1,1548326538412,-9.9,-0.42,-0.6
1,1548326538412,-9.98,-0.29,-0.41
1,1548326538486,-9.94,-0.37,-0.41
1,1548326538488,-9.96,-0.58,-0.21
1,1548326538488,-9.72,-0.19,-0.58
1,1548326538489,-9.41,-0.54,-0.39
1,1548326538490,-9.47,-0.58,-0.52
1,1548326538490,-9.72,0.01,-0.82
1,1548326538491,-9.78,-0.37,-1.25
1,1548326538568,-9.82,-0.46,-1.3
1,1548326538570,-9.72,-0.31,-1.46
1,1548326538570,-9.45,-0.19,-1.26
1,1548326538571,-10.01,-1.13,-1.5
1,1548326538572,-9.96,-0.78,-1.6
1,1548326538636,-9.84,-0.37,-1.64
1,1548326538637,-9.66,-0.31,-1.07
1,1548326538637,-9.45,-0.25,-0.74
1,1548326538638,-9.88,-0.87,-0.85
1,1548326538638,-10.01,-0.85,-1.28
1,1548326538638,-9.84,-0.78,-1.54
1,1548326538639,-10.27,-1.13,-1.58
1,1548326538653,-10.07,-1.03,-1.56
1,1548326538714,-10.11,-0.91,-1.48
1,1548326538715,-9.94,-0.03,-1.48
1,1548326538716,-10.25,-0.97,-1.25
1,1548326538717,-10.76,-1.4,-1.4
1,1548326538717,-10.95,-1.07,-2.14
1,1548326538718,-11.03,-1.13,-2.14
1,1548326538719,-10.93,-1.28,-2.03
1,1548326538720,-10.87,-0.72,-1.79
1,1548326538789,-10.7,0.09,-1.42
1,1548326538803,-10.39,-1.07,-1.32
1,1548326538805,-10.35,-0.5,-1.5
1,1548326538805,-10.78,-0.33,-1.6
1,1548326538806,-11.13,-0.95,-1.69
1,1548326538807,-10.89,-0.93,-1.3
1,1548326538808,-10.68,-0.83,-1.38
1,1548326538808,-10.64,-0.82,-1.26
1,1548326538872,-10.62,-0.82,-1.19
1,1548326538874,-10.7,-0.6,-2.18
1,1548326538875,-11.05,-0.44,-2.65
1,1548326538876,-11.07,-0.27,-2.24
1,1548326538877,-10.66,-0.05,-1.5
1,1548326538878,-10.39,0.0,-1.15
1,1548326538879,-10.41,0.09,-0.83
1,1548326538880,-10.48,0.64,-1.07
1,1548326538935,-10.6,0.52,-0.95
1,1548326538936,-10.46,-0.37,-1.01
1,1548326538952,-10.54,-0.15,-0.76
1,1548326538953,-10.54,-0.05,-0.29
1,1548326538954,-10.03,0.05,-0.5
1,1548326538954,-10.09,0.03,-0.46
1,1548326538954,-9.78,0.23,-0.44
1,1548326539014,-9.66,0.39,-0.82
1,1548326539016,-9.66,0.33,-1.25
1,1548326539017,-10.07,0.05,-1.48
1,1548326539018,-10.11,0.25,-1.75
1,1548326539018,-10.11,0.44,-1.95
1,1548326539019,-10.03,0.19,-1.91
1,1548326539020,-9.86,-0.01,-1.77
1,1548326539020,-9.78,0.58,-1.62
1,1548326539087,-9.72,0.78,-1.26
1,1548326539104,-9.68,0.13,-0.82
1,1548326539105,-9.94,-0.6,-0.93
1,1548326539106,-10.35,-0.21,-1.26
1,1548326539106,-10.46,0.41,-1.36
1,1548326539107,-10.13,0.44,-1.13
1,1548326539107,-10.15,-0.13,-0.42
1,1548326539171,-10.33,0.19,-0.15
1,1548326539171,-10.6,0.21,-0.5
1,1548326539172,-10.5,-0.05,-0.74
1,1548326539172,-10.83,0.05,-1.26
1,1548326539172,-10.83,0.11,-1.32
1,1548326539173,-10.78,0.13,-1.5
1,1548326539173,-10.83,0.05,-1.85
1,1548326539236,-10.83,-0.37,-1.56
1,1548326539236,-10.85,0.0,-1.54
1,1548326539237,-10.91,0.46,-1.42
1,1548326539237,-10.74,0.46,-1.21
1,1548326539237,-10.35,-0.07,-1.15
1,1548326539238,-10.03,0.27,-1.38
1,1548326539238,-10.07,0.58,-1.44
1,1548326539238,-10.25,0.56,-1.56
1,1548326539312,-10.01,0.5,-1.91
1,1548326539314,-9.94,0.58,-1.34
1,1548326539315,-10.01,0.8,-1.01
1,1548326539316,-9.96,0.62,-1.42
1,1548326539343,-9.76,0.35,-1.56
1,1548326539344,-10.05,-0.07,-1.4
1,1548326539344,-10.27,-0.03,-1.67
1,1548326539344,-10.21,0.56,-1.95
1,1548326539385,-10.05,-0.01,-1.13
1,1548326539385,-9.78,0.19,-0.97
1,1548326539386,-9.9,0.19,-0.89
1,1548326539386,-10.56,-0.27,-0.97
1,1548326539387,-10.48,-0.33,-1.25
1,1548326539388,-10.35,0.35,-1.07
1,1548326539388,-10.8,0.74,-1.42
1,1548326539463,-10.83,0.11,-1.36
1,1548326539465,-9.7,0.82,-0.87
1,1548326539536,-10.23,0.74,-0.89
1,1548326539538,-9.84,0.76,-0.46
1,1548326539538,-9.96,0.23,-0.13
1,1548326539539,-10.17,-0.54,0.17
1,1548326539540,-10.21,-0.5,0.52
1,1548326539541,-10.31,-0.19,-0.11
1,1548326539541,-10.44,0.13,-0.33
1,1548326539542,-10.39,0.33,0.13
1,1548326539611,-10.37,0.5,-0.07
1,1548326539623,-10.58,0.42,-0.15
1,1548326539623,-9.57,0.8,1.69
1,1548326539623,-9.14,1.21,1.13
1,1548326539623,-9.37,0.09,1.25
1,1548326539623,-9.72,1.52,1.77
1,1548326539624,-10.58,1.79,0.39
1,1548326539624,-11.09,0.09,-2.5
1,1548326539683,-10.99,0.03,-0.09
1,1548326539684,-11.71,-0.89,-1.77
1,1548326539685,-11.32,-0.39,-1.64
1,1548326539686,-11.46,0.19,-2.14
1,1548326539686,-11.85,-0.11,-2.55
1,1548326539687,-10.95,1.77,-1.01
1,1548326539687,-10.25,2.87,0.05
1,1548326539688,-9.84,2.08,-0.01
1,1548326539760,-9.31,1.46,-0.54
1,1548326539777,-9.62,1.73,-1.46
1,1548326539777,-10.44,1.89,-1.81
1,1548326539778,-10.85,1.83,-0.8
1,1548326539778,-9.62,1.67,0.85
1,1548326539779,-9.62,0.87,1.13
1,1548326539779,-9.58,0.6,1.28
1,1548326539780,-9.19,1.32,1.11
1,1548326539840,-9.86,0.33,0.23
1,1548326539859,-10.21,0.25,0.8
1,1548326539860,-10.35,0.89,1.25
1,1548326539860,-10.03,1.05,1.23
1,1548326539861,-9.78,0.09,1.23
1,1548326539861,-10.11,0.25,1.23
1,1548326539861,-10.21,0.54,1.11
1,1548326539862,-10.35,0.35,0.7
1,1548326539910,-10.68,-0.68,0.83
1,1548326539926,-11.15,-0.95,-0.03
1,1548326539927,-11.36,-0.76,-0.37
1,1548326539927,-10.64,0.37,0.29
1,1548326539927,-10.33,0.37,0.09
1,1548326539927,-10.29,-0.09,-0.66
1,1548326539928,-10.07,-0.17,-0.95
1,1548326539986,-10.35,0.17,-0.85
1,1548326539986,-10.29,-0.03,0.13
1,1548326539987,-9.96,-0.03,0.46
1,1548326539987,-10.01,-0.17,0.19
1,1548326539987,-10.39,-0.31,-0.44
1,1548326539987,-11.01,-1.03,-2.32
1,1548326539988,-10.87,-0.76,-2.42
1,1548326539988,-10.93,-0.62,-2.48
1,1548326540062,-10.99,-0.52,-2.44
1,1548326540063,-10.5,0.25,-2.03
1,1548326540063,-10.25,0.31,-2.05
1,1548326540079,-10.46,0.15,-1.83
1,1548326540080,-10.62,0.15,-0.93
1,1548326540081,-9.37,0.03,0.97
1,1548326540081,-8.82,0.03,0.54
1,1548326540221,-9.08,-0.09,0.15
1,1548326540222,-9.86,-0.31,-0.19
1,1548326540224,-10.15,-0.17,-1.07
1,1548326540225,-10.07,0.62,-0.11
1,1548326540252,-10.09,0.95,1.09
1,1548326540291,-9.76,0.91,2.08
1,1548326540292,-9.49,-0.15,1.25
1,1548326540292,-10.17,-0.15,1.44
1,1548326540292,-10.74,0.44,1.73
1,1548326540293,-10.56,-0.31,0.5
1,1548326540293,-10.48,0.56,0.68
1,1548326540293,-10.11,0.85,-0.27
1,1548326540294,-10.05,-0.33,-0.72
1,1548326540360,-10.15,0.01,-0.89
1,1548326540361,-9.92,0.11,0.01
1,1548326540362,-9.88,0.21,0.72
1,1548326540380,-9.58,0.76,1.21
1,1548326540381,-9.96,1.11,0.09
1,1548326540381,-10.35,0.58,-0.39
1,1548326540381,-10.42,0.25,-0.48
1,1548326540381,-10.25,0.09,-0.44
1,1548326540436,-10.15,0.5,1.26
1,1548326540437,-10.09,0.25,1.26
1,1548326540437,-10.01,0.15,1.28
1,1548326540438,-10.25,0.54,0.8
1,1548326540438,-11.54,0.41,-1.6
1,1548326540438,-11.34,0.07,-2.14
1,1548326540439,-10.6,0.07,-2.22
1,1548326540439,-10.05,0.29,-1.66
1,1548326540508,-10.33,-0.01,-0.33
1,1548326540510,-10.15,0.56,-0.09
1,1548326540511,-10.23,0.82,-0.35
1,1548326540512,-10.21,0.42,-0.72
1,1548326540513,-10.07,0.42,-0.7
1,1548326540514,-10.03,0.83,-0.78
1,1548326540515,-10.09,0.89,-0.91
1,1548326540586,-10.01,0.87,-0.66
1,1548326540587,-9.74,1.05,-0.15
1,1548326540598,-9.98,0.52,-0.48
1,1548326540599,-10.01,0.05,-0.7
1,1548326540600,-10.11,0.09,-1.21
1,1548326540600,-10.7,0.0,-1.15
1,1548326540600,-10.62,-0.07,0.31
1,1548326540600,-9.9,0.11,0.58
1,1548326540664,-9.86,0.09,-0.05
1,1548326540683,-10.15,0.48,-0.33
1,1548326540684,-10.11,0.95,-0.21
1,1548326540684,-10.15,1.07,-0.52
1,1548326540685,-10.13,0.89,-0.78
1,1548326540685,-10.42,1.01,-0.68
1,1548326540685,-10.44,0.76,-0.19
1,1548326540737,-10.13,0.46,0.07
1,1548326540749,-10.09,0.31,-0.33
1,1548326540750,-10.62,0.6,-0.72
1,1548326540750,-10.62,0.76,-1.09
1,1548326540750,-10.5,0.68,-1.17
1,1548326540750,-10.39,0.68,-0.37
1,1548326540751,-10.35,0.39,0.29
1,1548326540808,-10.27,0.29,-0.03
1,1548326540809,-10.11,0.41,-0.17
1,1548326540810,-10.11,0.44,-0.31
1,1548326540810,-10.48,0.5,-0.07
1,1548326540811,-10.48,0.6,0.0
1,1548326540811,-10.5,0.44,0.23
1,1548326540812,-10.37,0.42,0.54
1,1548326540812,-10.41,0.74,0.78
1,1548326540886,-10.23,0.74,0.8
1,1548326540886,-10.31,0.03,0.33
1,1548326540887,-10.25,-0.13,-0.25
1,1548326540887,-10.66,0.44,-0.11
1,1548326540887,-10.56,0.7,0.27
1,1548326540887,-10.39,0.48,0.33
1,1548326540888,-10.23,0.23,0.09
1,1548326540888,-10.17,0.6,-0.05
1,1548326540960,-10.23,0.68,0.19
1,1548326540961,-9.92,0.82,0.44
1,1548326540963,-10.05,0.25,0.09
1,1548326540964,-10.19,-0.07,-0.27
1,1548326540965,-10.35,0.03,-0.6
1,1548326540967,-10.44,0.15,-0.52
1,1548326540969,-10.27,0.74,0.07
1,1548326541035,-10.35,0.42,0.41
1,1548326541053,-10.19,0.35,0.5
1,1548326541055,-10.09,0.54,0.21
1,1548326541055,-10.21,0.54,-0.19
1,1548326541055,-10.48,0.37,-0.68
1,1548326541056,-10.7,0.42,-0.66
1,1548326541056,-10.85,0.42,-0.66
1,1548326541056,-10.93,0.44,-0.42
1,1548326541107,-11.01,-0.11,-0.74
1,1548326541108,-10.83,0.17,-0.8
1,1548326541108,-10.62,0.85,-0.74
1,1548326541108,-10.52,1.07,-0.68
1,1548326541108,-10.27,0.21,-0.48
1,1548326541118,-10.37,0.17,-0.66
1,1548326541118,-10.44,0.35,-0.7
1,1548326541184,-10.5,0.5,-0.54
1,1548326541185,-10.21,0.93,0.21
1,1548326541186,-10.01,0.54,0.21
1,1548326541187,-10.0,0.21,0.37
1,1548326541188,-9.88,0.62,0.44
1,1548326541189,-10.13,1.05,0.13
1,1548326541190,-10.19,0.64,0.13
1,1548326541190,-10.17,0.35,0.35
1,1548326541336,-10.29,0.37,0.44
1,1548326541336,-10.56,0.35,0.23
1,1548326541410,-10.48,0.72,0.68
1,1548326541411,-10.29,1.21,0.85
1,1548326541412,-10.19,1.03,0.74
1,1548326541422,-10.19,0.27,0.52
1,1548326541422,-10.58,0.37,0.13
1,1548326541422,-10.85,0.42,-0.11
1,1548326541423,-11.07,0.39,-0.33
1,1548326541423,-11.09,0.44,-0.17
1,1548326541504,-11.46,0.33,-1.07
1,1548326541505,-10.37,0.41,-0.68
1,1548326541505,-10.09,0.78,-0.17
1,1548326541506,-9.96,0.42,0.05
1,1548326541506,-9.25,0.39,0.78
1,1548326541506,-9.35,0.09,0.76
1,1548326541507,-9.6,-0.41,0.35
1,1548326541507,-9.8,-0.62,0.01
1,1548326541561,-10.39,0.17,-0.83
1,1548326541561,-10.42,0.13,-1.3
1,1548326541562,-10.33,-0.62,-1.05
1,1548326541572,-9.86,-1.01,-0.8
1,1548326541573,-9.84,-0.46,-0.7
1,1548326541573,-10.01,-0.19,-0.21
1,1548326541573,-9.66,-0.05,-0.41
1,1548326541574,-9.43,-0.29,-0.48
1,1548326541634,-9.64,-0.7,-0.07
1,1548326541635,-9.66,-0.95,-0.35
1,1548326541636,-9.6,-0.95,-0.33
1,1548326541636,-9.68,-0.48,-0.11
1,1548326541636,-9.84,-0.21,0.01
1,1548326541636,-9.62,-0.17,0.19
1,1548326541637,-9.8,-0.37,0.0
1,1548326541637,-9.94,-0.58,-0.13
1,1548326541712,-10.19,-0.29,-0.25
1,1548326541712,-10.35,-0.46,-0.5
1,1548326541713,-10.83,-1.11,-1.07
1,1548326541713,-10.89,-1.11,-1.26
1,1548326541724,-10.85,-0.29,-1.25
1,1548326541724,-10.68,-0.27,-1.17
1,1548326541724,-10.44,-0.52,-1.11
1,1548326541800,-10.21,-0.68,-1.13
1,1548326541800,-10.07,-0.15,-1.07
1,1548326541801,-10.17,-0.27,-1.05
1,1548326541801,-10.13,-0.64,-1.21
1,1548326541802,-10.31,-1.03,-1.01
1,1548326541802,-11.17,-0.6,-1.03
1,1548326541802,-11.09,-0.13,-1.52
1,1548326541803,-11.62,-0.46,-1.64
1,1548326541862,-11.77,-0.7,-1.62
1,1548326541863,-12.07,-1.34,-2.03
1,1548326541864,-12.61,-1.15,-1.97
1,1548326541864,-12.65,-0.66,-1.4
1,1548326541888,-12.38,-0.41,-0.5
1,1548326541889,-11.23,-0.31,-0.07
1,1548326541890,-11.09,-0.78,0.21
1,1548326541936,-11.09,-1.19,-0.74
1,1548326541937,-11.36,-0.95,-1.11
1,1548326541937,-12.48,-1.07,-0.52
1,1548326541958,-11.77,-1.11,-0.44
1,1548326541958,-12.05,-1.05,-0.64
1,1548326541959,-12.12,-0.44,-0.89
1,1548326541959,-11.38,-0.83,-0.23
1,1548326541959,-10.89,-1.03,-0.27
1,1548326542009,-10.56,-1.09,-0.56
1,1548326542031,-10.25,-1.05,-0.52
1,1548326542032,-9.84,-0.87,-1.36
1,1548326542032,-10.01,-1.09,-1.52
1,1548326542033,-10.0,-1.09,-1.25
1,1548326542033,-8.94,-0.8,-0.99
1,1548326542089,-8.63,-1.13,-1.21
1,1548326542117,-8.1,-1.09,-0.52
1,1548326542117,-7.61,-1.17,-0.52
1,1548326542118,-7.83,-1.73,-0.85
1,1548326542118,-7.79,-1.15,-0.68
1,1548326542118,-7.94,-0.72,-1.36
1,1548326542119,-8.33,-0.78,-1.77
1,1548326542119,-8.32,-1.07,-1.3
1,1548326542159,-8.04,-1.07,-1.32
1,1548326542176,-8.2,-0.85,-0.93
1,1548326542177,-8.3,-0.48,-0.56
1,1548326542177,-8.53,-0.27,0.19
1,1548326542177,-9.02,-1.52,-1.34
1,1548326542177,-9.62,-1.87,-1.34
1,1548326542177,-9.72,-1.11,-1.01
1,1548326542178,-9.64,-0.6,-0.8
1,1548326542235,-9.66,-0.64,-0.35
1,1548326542235,-9.04,-0.99,0.23
1,1548326542235,-9.08,-1.28,0.07
1,1548326542236,-9.25,-1.46,-0.68
1,1548326542236,-9.96,-1.34,-1.95
1,1548326542236,-10.7,-1.85,-2.36
1,1548326542237,-10.15,-1.87,-1.64
1,1548326542310,-9.8,-1.73,-1.95
1,1548326542310,-10.01,-1.46,-2.07
1,1548326542311,-9.76,-0.99,-1.46
1,1548326542311,-10.01,-1.26,-1.97
1,1548326542311,-10.07,-1.34,-3.0
1,1548326542311,-10.31,-1.38,-3.43
1,1548326542312,-10.48,-1.64,-2.98
1,1548326542312,-10.68,-1.73,-2.18
1,1548326542469,-10.6,-1.42,-1.09
1,1548326542472,-9.51,-1.26,-0.74
1,1548326542473,-9.84,-1.77,-0.46
1,1548326542474,-10.15,-1.79,-0.66
1,1548326542476,-10.39,-1.58,-1.25
1,1548326542543,-10.42,-1.13,-0.87
1,1548326542545,-10.39,-1.3,-0.82
1,1548326542546,-10.23,-1.58,-0.78
1,1548326542546,-10.15,-1.3,-1.19
1,1548326542547,-12.28,-1.62,-1.07
1,1548326542580,-12.59,-1.91,-0.6
1,1548326542580,-12.2,-1.58,-0.54
1,1548326542580,-12.87,-2.75,-2.03
1,1548326542610,-13.65,-1.07,-1.07
1,1548326542610,-12.22,-2.07,-0.44
1,1548326542611,-12.79,-1.93,-0.35
1,1548326542611,-13.14,-1.71,-1.46
1,1548326542611,-13.73,-2.36,-3.08
1,1548326542611,-13.37,-1.73,-3.28
1,1548326542611,-12.94,-1.75,-3.24
1,1548326542612,-13.18,-2.57,-3.02
1,1548326542688,-12.91,-2.1,-2.53
1,1548326542690,-10.82,-1.03,-0.31
1,1548326542691,-9.84,-1.95,-1.25
1,1548326542691,-11.17,-3.35,-1.91
1,1548326542692,-11.93,-3.26,-2.53
1,1548326542693,-12.08,-1.97,-2.61
1,1548326542694,-12.96,-1.95,-4.12
1,1548326542695,-12.18,-1.48,-2.4
1,1548326542764,-10.31,-0.97,-0.07
1,1548326542765,-8.2,-1.19,0.66
1,1548326542767,-9.82,-3.47,-1.15
1,1548326542768,-11.23,-3.88,-2.87
1,1548326542769,-12.22,-2.91,-3.1
1,1548326542770,-11.6,-1.91,-2.44
1,1548326542771,-10.82,-2.53,-1.67
1,1548326542772,-10.25,-2.28,-1.3
1,1548326542836,-9.74,-1.97,-0.74
1,1548326542851,-9.49,-1.79,-0.13
1,1548326542852,-9.68,-2.14,-1.87
1,1548326542853,-11.32,-2.67,-2.59
1,1548326542855,-11.44,-2.44,-2.3
1,1548326542856,-10.17,-3.26,-1.4
1,1548326542857,-10.05,-2.03,-1.36
1,1548326542996,-9.64,-1.54,-1.4
1,1548326542998,-9.33,-1.46,-1.25
1,1548326542999,-9.88,-1.11,-1.83
1,1548326543000,-10.7,-1.11,-1.62
1,1548326543001,-9.27,-1.67,-1.58
1,1548326543062,-8.39,-3.26,-1.21
1,1548326543063,-8.94,-1.48,-0.56
1,1548326543064,-8.84,-1.32,-1.34
1,1548326543065,-9.98,-1.81,-1.21
1,1548326543066,-9.82,-1.3,-1.3
1,1548326543067,-9.58,-0.01,-1.52
1,1548326543068,-8.53,-0.56,-0.78
1,1548326543069,-8.14,-2.46,-0.62
1,1548326543140,-7.67,-0.91,0.52
1,1548326543141,-9.08,-0.37,-1.52
1,1548326543142,-8.94,-1.85,-0.91
1,1548326543144,-8.61,-2.14,-0.39
1,1548326543145,-8.57,-1.09,-0.93
1,1548326543147,-11.03,-0.37,-1.75
1,1548326543148,-10.09,1.15,-1.32
1,1548326543149,-8.78,0.05,-0.68
1,1548326543212,-8.12,-1.46,0.72
1,1548326543214,-9.6,-1.97,-0.76
1,1548326543214,-10.44,-1.26,-0.74
1,1548326543215,-10.46,0.11,-0.78
1,1548326543216,-10.62,0.76,-1.23
1,1548326543216,-9.41,0.64,0.07
1,1548326543217,-9.06,-0.62,0.89
1,1548326543218,-9.19,-1.26,0.11
1,1548326543287,-10.07,-1.79,-0.25
1,1548326543290,-10.03,-0.01,-0.27
1,1548326543291,-9.45,0.15,-1.07
1,1548326543292,-10.54,-1.67,-1.05
1,1548326543294,-10.23,0.03,-0.17
1,1548326543296,-9.64,-0.74,-0.83
1,1548326543298,-8.71,-0.62,-0.01
1,1548326543298,-7.83,2.03,-0.52
1,1548326543361,-8.76,1.34,-0.37
1,1548326543363,-9.17,-1.62,-0.17
1,1548326543365,-9.82,0.0,-0.46
1,1548326543366,-9.17,2.44,-1.26
1,1548326543367,-9.25,1.38,-1.48
1,1548326543368,-9.1,-1.6,-1.32
1,1548326543370,-9.64,-1.32,-0.95
1,1548326543371,-9.49,1.11,-0.19
1,1548326543435,-8.63,1.36,-0.05
1,1548326543438,-9.35,-1.19,-0.87
1,1548326543438,-9.74,0.29,-0.41
1,1548326543454,-9.47,2.63,-1.07
1,1548326543455,-9.37,1.54,-0.78
1,1548326543455,-9.31,1.03,-0.58
1,1548326543456,-9.33,1.17,-0.56
1,1548326543512,-9.29,0.41,-0.58
1,1548326543513,-9.66,0.17,-0.78
1,1548326543513,-10.23,-0.11,-1.07
1,1548326543514,-10.19,0.09,-0.62
1,1548326543514,-10.11,1.75,-0.8
1,1548326543514,-9.94,2.67,-1.32
1,1548326543515,-9.53,-0.03,-0.54
1,1548326543515,-9.9,0.64,-0.23
1,1548326543586,-10.39,1.66,-0.95
1,1548326543587,-10.33,1.4,-1.89
1,1548326543588,-10.21,2.51,-1.48
1,1548326543589,-10.05,2.89,-1.36
1,1548326543590,-9.39,1.4,-1.13
1,1548326543591,-8.94,2.26,-1.11
1,1548326543593,-9.96,0.42,-0.46
1,1548326543662,-9.55,2.71,-0.03
1,1548326543663,-10.74,1.54,-0.33
1,1548326543664,-9.74,-0.41,0.83
1,1548326543665,-9.08,1.07,0.46
1,1548326543665,-9.02,2.85,-0.66
1,1548326543666,-9.08,3.61,-1.91
1,1548326543667,-9.39,3.1,-2.77
1,1548326543667,-9.58,1.85,-2.73
1,1548326543737,-9.43,0.87,-1.97
1,1548326543738,-9.88,1.34,-0.58
1,1548326543738,-10.35,2.38,0.07
1,1548326543740,-9.7,0.89,-0.76
1,1548326543756,-10.35,2.67,-0.31
1,1548326543756,-10.54,1.4,0.56
1,1548326543757,-9.96,-0.05,1.26
1,1548326543809,-9.96,0.42,2.03
1,1548326543811,-10.89,1.32,1.62
1,1548326543812,-10.62,2.91,-0.58
1,1548326543812,-10.09,3.47,-2.22
1,1548326543813,-9.62,2.92,-1.36
1,1548326543814,-9.51,3.57,-0.7
1,1548326543814,-8.88,2.51,-0.7
1,1548326543815,-9.02,1.87,-0.31
1,1548326543890,-10.8,1.79,0.07
1,1548326543891,-10.72,0.66,0.39
1,1548326543892,-10.62,1.73,-0.29
1,1548326543894,-10.35,3.24,0.42
1,1548326543895,-9.84,2.26,0.19
1,1548326543896,-10.17,2.96,-0.11
1,1548326543897,-10.11,3.1,0.21
1,1548326543964,-9.7,2.16,0.11
1,1548326543965,-10.0,2.91,0.41
1,1548326543966,-9.53,3.06,0.91
1,1548326543966,-9.29,2.5,1.13
1,1548326543967,-9.43,2.03,1.46
1,1548326543967,-10.21,1.56,1.48
1,1548326543968,-10.17,1.83,1.52
1,1548326543968,-10.39,2.18,1.52
1,1548326544033,-9.88,2.16,1.64
1,1548326544054,-9.1,1.97,1.21
1,1548326544054,-9.39,2.4,0.87
1,1548326544055,-9.51,2.14,0.48
1,1548326544055,-9.47,1.83,0.23
1,1548326544055,-9.86,2.03,-0.09
1,1548326544055,-10.11,2.5,0.31
1,1548326544107,-9.76,2.32,0.48
1,1548326544129,-9.6,2.16,1.07
1,1548326544130,-9.58,2.14,0.97
1,1548326544131,-9.55,2.01,0.91
1,1548326544132,-9.82,2.3,0.33
1,1548326544132,-9.72,1.62,-0.15
1,1548326544133,-10.74,2.16,0.09
1,1548326544134,-10.39,1.87,0.35
1,1548326544186,-9.96,1.83,0.5
1,1548326544187,-10.11,2.18,-0.09
1,1548326544188,-9.94,2.34,-0.44
1,1548326544189,-9.9,2.28,-0.52
1,1548326544189,-10.05,1.95,-0.15
1,1548326544190,-10.35,1.83,0.64
1,1548326544190,-9.49,1.15,0.6
1,1548326544259,-9.51,1.17,0.85
1,1548326544261,-9.74,2.1,0.82
1,1548326544262,-10.0,2.07,0.6
1,1548326544262,-10.03,2.14,0.03
1,1548326544263,-9.86,2.28,0.05
1,1548326544264,-9.66,2.2,0.11
1,1548326544265,-9.7,2.03,0.05
1,1548326544266,-9.82,1.44,-0.68
1,1548326544333,-9.96,1.25,-0.41
1,1548326544343,-10.56,2.14,-0.11
1,1548326544344,-10.72,2.44,0.09
1,1548326544344,-10.01,2.2,0.0
1,1548326544344,-9.98,2.03,-0.13
1,1548326544345,-10.0,1.85,-0.03
1,1548326544345,-10.05,1.71,0.03
1,1548326544411,-10.17,1.5,0.09
1,1548326544411,-10.17,1.52,0.03
1,1548326544426,-10.15,1.21,0.0
1,1548326544427,-10.17,1.83,0.21
1,1548326544428,-10.05,1.58,0.11
1,1548326544428,-10.21,1.71,-0.29
1,1548326544429,-10.05,1.58,-0.42
1,1548326544430,-9.86,1.67,-0.23
1,1548326544565,-9.98,1.3,-0.15
1,1548326544567,-10.27,1.6,-0.13
1,1548326544568,-10.19,1.77,-0.05
1,1548326544569,-9.88,1.71,-0.05
1,1548326544570,-9.76,1.79,-0.01
1,1548326544640,-9.94,1.83,-0.13
1,1548326544666,-9.94,1.5,-0.31
1,1548326544667,-10.0,1.15,-0.46
1,1548326544667,-10.52,2.07,-0.44
1,1548326544667,-10.27,1.85,-0.37
1,1548326544667,-10.0,1.99,-0.09
1,1548326544668,-10.03,1.89,-0.15
1,1548326544668,-10.33,1.5,-0.42
1,1548326544709,-10.37,1.54,0.03
1,1548326544710,-9.8,1.95,-0.31
1,1548326544729,-10.03,1.79,-0.56
1,1548326544730,-9.82,1.75,-0.25
1,1548326544730,-9.7,1.48,-0.25
1,1548326544730,-9.68,1.36,-0.37
1,1548326544731,-9.84,1.62,-0.27
1,1548326544731,-9.82,1.97,-0.37
1,1548326544785,-9.7,1.85,-0.46
1,1548326544786,-9.62,1.75,-0.58
1,1548326544786,-9.62,1.62,-0.64
1,1548326544786,-9.8,1.77,-0.52
1,1548326544786,-9.94,1.77,-0.52
1,1548326544787,-10.01,1.5,-0.62
1,1548326544787,-10.15,1.46,-0.68
1,1548326544787,-10.0,1.77,-0.64
1,1548326544858,-10.07,1.54,-0.29
1,1548326544860,-10.25,1.56,0.23
1,1548326544861,-10.13,1.66,0.23
1,1548326544861,-9.98,1.71,-0.05
1,1548326544861,-10.09,1.3,-0.33
1,1548326544862,-10.27,1.5,-0.5
1,1548326544862,-10.44,1.89,-0.78
1,1548326544862,-10.42,1.62,-0.64
1,1548326544938,-10.5,1.81,-0.56
1,1548326544939,-10.31,1.6,-0.31
1,1548326544940,-10.23,1.62,-0.21
1,1548326544941,-10.27,1.46,-0.56
1,1548326544942,-10.31,1.64,-0.54
1,1548326544942,-10.42,1.66,-0.5
1,1548326544943,-10.39,1.36,-0.42
1,1548326545013,-10.15,1.44,-0.19
1,1548326545014,-10.15,1.54,-0.01
1,1548326545014,-10.03,1.38,-0.15
1,1548326545014,-10.03,1.5,-0.46
1,1548326545015,-10.09,1.42,-0.68
1,1548326545015,-10.03,1.05,-0.72
1,1548326545015,-10.05,1.17,-0.6
1,1548326545016,-10.03,1.23,-0.46
1,1548326545086,-9.9,1.42,-0.31
1,1548326545087,-9.88,1.5,-0.33
1,1548326545087,-9.9,1.64,-0.39
1,1548326545087,-9.86,1.52,-0.42
1,1548326545087,-9.96,1.11,-0.41
1,1548326545088,-10.05,1.13,-0.54
1,1548326545088,-10.17,0.82,-0.54
1,1548326545159,-10.31,1.34,-0.42
1,1548326545160,-10.07,1.6,-0.42
1,1548326545160,-9.98,1.71,-0.46
1,1548326545160,-9.98,1.56,-0.35
1,1548326545161,-10.09,1.5,-0.39
1,1548326545162,-10.23,0.93,-0.48
1,1548326545162,-10.33,1.4,-0.11
1,1548326545247,-10.44,1.42,-0.11
1,1548326545248,-10.25,1.3,-0.15
1,1548326545249,-10.11,1.32,-0.46
1,1548326545252,-10.17,1.4,-0.52
1,1548326545254,-10.11,1.25,-0.48
1,1548326545255,-10.0,1.34,-0.13
1,1548326545256,-10.13,1.01,-0.44
1,1548326545256,-10.31,1.17,-0.31
1,1548326545310,-10.48,1.79,-0.33
1,1548326545310,-10.44,1.71,-0.42
1,1548326545311,-10.13,1.44,-0.11
1,1548326545317,-9.78,1.03,0.15
1,1548326545317,-9.76,1.28,0.21
1,1548326545318,-9.98,1.13,0.07
1,1548326545318,-10.05,1.15,-0.11
1,1548326545387,-10.05,0.89,-0.41
1,1548326545388,-10.05,0.83,-0.48
1,1548326545388,-9.98,1.32,-0.54
1,1548326545388,-10.0,1.42,-0.39
1,1548326545389,-9.92,1.38,-0.42
1,1548326545405,-9.88,1.3,-0.33
1,1548326545406,-9.86,1.05,-0.29
1,1548326545407,-9.92,1.23,-0.21
1,1548326545461,-9.92,0.82,-0.37
1,1548326545488,-9.96,1.38,-0.33
1,1548326545488,-9.94,1.52,-0.39
1,1548326545488,-9.68,1.3,-0.35
1,1548326545489,-9.72,1.44,-0.33
1,1548326545489,-9.72,1.46,-0.19
1,1548326545489,-9.7,1.46,-0.15
1,1548326545489,-9.55,1.4,-0.01
1,1548326545534,-9.37,1.05,-0.13
1,1548326545534,-9.1,0.82,-0.27
1,1548326545535,-8.92,0.72,-0.82
1,1548326545552,-9.19,1.25,-0.39
1,1548326545553,-9.35,1.81,-0.33
1,1548326545553,-8.84,1.26,-0.09
1,1548326545553,-8.55,1.75,-0.21
1,1548326545689,-8.32,1.26,0.13
1,1548326545690,-7.87,0.97,-0.21
1,1548326545690,-7.79,0.52,-0.13
1,1548326545690,-7.42,0.64,-0.07
1,1548326545690,-8.3,-1.58,-0.85
1,1548326545690,-8.53,-1.23,-0.25
1,1548326545691,-7.71,1.3,-0.25
1,1548326545691,-6.83,2.14,-0.05
