1,1544074745730,9.9,1.56,1.77
1,1544074745737,9.37,1.44,1.75
1,1544074745738,9.29,1.5,1.77
1,1544074745738,9.14,1.6,1.77
1,1544074745738,9.04,1.6,1.79
1,1544074745738,9.02,1.6,1.79
1,1544074745739,8.98,1.5,1.83
1,1544074745739,8.98,1.42,1.85
1,1544074745806,9.02,1.44,1.89
1,1544074745821,9.14,1.46,1.93
1,1544074745822,9.16,1.46,1.97
1,1544074745822,9.21,1.46,2.07
1,1544074745822,9.27,1.46,2.1
1,1544074745822,9.29,1.42,2.08
1,1544074745822,9.35,1.4,2.12
1,1544074745823,9.39,1.38,2.08
1,1544074745881,9.51,1.48,2.08
1,1544074745889,9.47,1.56,2.2
1,1544074745890,9.49,1.6,2.24
1,1544074745891,9.39,1.6,2.26
1,1544074745892,9.21,1.75,2.32
1,1544074745892,8.98,1.79,2.36
1,1544074745892,8.76,1.75,2.38
1,1544074745893,8.55,1.69,2.44
1,1544074745956,8.14,1.81,2.69
1,1544074745957,7.91,1.83,3.0
1,1544074745958,7.77,1.81,3.16
1,1544074745959,7.65,1.83,3.28
1,1544074745959,7.55,2.07,3.06
1,1544074745959,7.61,2.55,2.96
1,1544074745960,7.36,3.0,2.89
1,1544074745960,6.93,3.22,3.0
1,1544074746031,6.4,3.18,3.18
1,1544074746032,5.42,2.87,3.53
1,1544074746032,5.0,2.5,3.51
1,1544074746032,4.53,1.99,3.3
1,1544074746040,4.16,1.54,3.18
1,1544074746040,3.39,1.5,2.94
1,1544074746040,3.04,1.95,2.91
1,1544074746041,2.59,2.5,2.94
1,1544074746108,2.05,2.87,2.98
1,1544074746108,0.97,3.02,2.67
1,1544074746108,0.62,2.96,2.42
1,1544074746109,0.37,2.83,2.32
1,1544074746109,0.23,2.77,2.3
1,1544074746109,0.03,2.85,2.26
1,1544074746110,-0.09,2.89,2.07
1,1544074746180,-0.05,2.92,1.89
1,1544074746181,0.11,2.85,1.81
1,1544074746181,0.25,2.61,1.69
1,1544074746191,0.97,2.1,1.48
1,1544074746191,1.46,1.89,1.44
1,1544074746192,1.99,1.87,1.44
1,1544074746192,2.48,2.03,1.52
1,1544074746192,3.45,2.98,1.99
1,1544074746256,4.06,3.39,1.89
1,1544074746257,4.68,3.78,1.6
1,1544074746257,5.11,4.02,1.25
1,1544074746258,5.87,3.76,0.21
1,1544074746277,6.34,3.49,-0.03
1,1544074746277,6.91,3.16,0.0
1,1544074746277,7.65,2.79,0.25
1,1544074746277,8.71,2.44,0.62
1,1544074746331,11.15,2.12,1.28
1,1544074746332,12.51,2.38,1.73
1,1544074746332,13.84,2.71,2.14
1,1544074746333,14.55,2.59,2.1
1,1544074746342,14.45,1.23,2.12
1,1544074746342,13.26,0.58,1.93
1,1544074746343,12.08,0.52,1.5
1,1544074746407,11.5,0.62,1.28
1,1544074746407,12.85,2.48,1.99
1,1544074746407,14.02,3.2,2.42
1,1544074746408,14.9,3.53,2.34
1,1544074746408,15.93,3.45,2.05
1,1544074746409,16.79,1.6,0.76
1,1544074746428,16.71,0.13,0.8
1,1544074746429,16.48,-1.66,1.54
1,1544074746481,16.03,-2.96,2.3
1,1544074746482,15.89,-3.78,2.32
1,1544074746483,15.21,-4.9,2.32
1,1544074746483,14.82,-5.42,2.24
1,1544074746484,15.03,-6.03,2.55
1,1544074746484,15.39,-6.64,-0.91
1,1544074746484,24.57,1.79,-9.25
1,1544074746557,32.05,16.36,15.33
1,1544074746558,23.75,5.46,53.69
1,1544074746559,36.32,-9.33,37.87
1,1544074746560,40.99,5.17,-8.82
1,1544074746560,20.56,5.99,6.13
1,1544074746560,6.32,4.88,14.51
1,1544074746561,0.8,3.78,8.43
1,1544074746561,-3.24,9.7,1.42
1,1544074746632,-1.28,11.81,-0.78
1,1544074746645,1.13,16.3,0.05
1,1544074746646,3.33,19.21,0.82
1,1544074746646,4.64,16.95,0.42
1,1544074746646,6.48,8.0,-1.62
1,1544074746647,9.14,2.77,-4.04
1,1544074746647,11.79,-0.19,-4.9
1,1544074746647,14.57,0.35,-3.61
1,1544074746706,13.94,1.19,-0.46
1,1544074746707,12.57,0.93,2.26
1,1544074746707,12.44,2.03,4.14
1,1544074746707,11.81,4.47,4.62
1,1544074746707,6.3,3.32,2.22
1,1544074746708,5.01,0.8,1.66
1,1544074746730,6.15,-0.05,1.05
1,1544074746783,8.18,0.78,0.87
1,1544074746783,9.23,4.33,0.0
1,1544074746784,8.04,4.19,0.09
1,1544074746785,7.36,3.76,1.93
1,1544074746785,7.73,3.33,3.2
1,1544074746785,7.94,2.65,3.76
1,1544074746786,8.14,-0.15,2.75
1,1544074746786,9.17,-1.11,2.28
1,1544074746856,10.0,-1.6,2.18
1,1544074746856,10.37,-2.08,0.85
1,1544074746857,10.01,-2.83,0.39
1,1544074746857,9.88,-2.18,0.39
1,1544074746857,11.09,0.66,0.58
1,1544074746881,12.18,3.47,-0.21
1,1544074746882,9.84,3.78,1.32
1,1544074746931,9.35,1.46,0.52
1,1544074746947,9.94,0.97,-0.09
1,1544074746947,9.74,2.28,-0.07
1,1544074746947,9.37,2.14,-0.68
1,1544074746947,10.52,1.03,-0.07
1,1544074746948,11.28,0.44,0.85
1,1544074746948,11.07,-0.17,0.78
1,1544074746948,10.62,0.21,-0.17
1,1544074747084,8.67,0.99,0.33
1,1544074747084,9.21,0.91,-0.29
1,1544074747085,9.49,0.66,-0.42
1,1544074747085,9.19,0.29,0.35
1,1544074747085,7.96,-2.01,1.3
1,1544074747157,9.78,-1.07,0.54
1,1544074747232,10.37,-1.21,1.64
1,1544074747311,10.05,-1.75,0.8
1,1544074747313,9.29,-1.46,1.36
1,1544074747314,9.39,-1.07,0.48
1,1544074747316,9.27,3.43,0.7
1,1544074747317,8.04,2.94,2.1
1,1544074747318,11.3,5.19,1.23
1,1544074747318,10.85,4.29,1.05
1,1544074747319,10.83,2.24,2.12
1,1544074747390,10.91,-0.72,0.41
1,1544074747391,8.78,-1.93,0.07
1,1544074747393,8.88,-1.81,0.54
1,1544074747394,9.1,-1.23,0.99
1,1544074747396,9.16,-0.01,0.6
1,1544074747397,9.43,0.7,0.6
1,1544074747398,9.94,1.13,0.74
1,1544074747399,10.39,2.05,0.87
1,1544074747460,10.39,2.3,0.83
1,1544074747461,10.35,1.91,0.68
1,1544074747462,10.37,0.85,1.79
1,1544074747464,9.96,0.39,1.79
1,1544074747466,9.47,-0.44,1.28
1,1544074747466,9.7,-0.46,1.19
1,1544074747496,10.03,0.62,0.87
1,1544074747497,9.35,0.64,1.6
1,1544074747563,9.49,0.87,1.77
1,1544074747564,9.98,1.6,2.2
1,1544074747566,9.23,2.28,2.2
1,1544074747567,8.76,3.39,1.93
1,1544074747568,9.31,2.57,1.81
1,1544074747569,10.64,2.26,2.1
1,1544074747570,10.78,1.64,1.34
1,1544074747573,11.34,1.87,1.71
1,1544074747610,11.91,3.2,2.63
1,1544074747610,13.18,7.14,2.87
1,1544074747636,13.47,11.11,1.64
1,1544074747637,11.5,8.06,5.99
1,1544074747637,9.33,0.83,2.5
1,1544074747637,11.67,-2.38,4.08
1,1544074747637,11.81,-3.33,3.98
1,1544074747688,15.21,-7.73,0.25
1,1544074747688,17.16,-10.97,7.18
1,1544074747703,20.56,-11.25,10.0
1,1544074747703,23.22,-7.85,11.62
1,1544074747704,28.32,6.11,8.76
1,1544074747704,25.82,4.76,12.26
1,1544074747704,25.46,-0.89,15.03
1,1544074747704,22.4,-6.66,11.13
1,1544074747758,21.32,-16.73,-6.87
1,1544074747771,20.85,-19.0,-13.67
1,1544074747771,19.43,-21.71,-19.76
1,1544074747771,21.87,-25.54,-17.46
1,1544074747771,23.8,-26.85,-10.74
1,1544074747772,19.76,-13.96,-6.38
1,1544074747772,19.17,-6.44,-4.17
1,1544074747772,18.92,-1.69,-2.01
1,1544074747832,18.86,0.5,-3.0
1,1544074747859,21.25,-1.34,-5.52
1,1544074747860,23.49,-1.89,-2.83
1,1544074747860,25.39,-0.89,0.46
1,1544074747861,25.29,-0.03,1.93
1,1544074747861,22.4,0.56,1.42
1,1544074747862,20.8,0.89,1.62
1,1544074747914,19.64,1.34,2.14
1,1544074747915,18.88,1.58,2.98
1,1544074747915,16.66,1.73,5.8
1,1544074747916,14.33,1.75,7.03
1,1544074747916,11.58,1.56,7.53
1,1544074747916,9.7,1.28,7.59
1,1544074747948,8.73,1.23,6.89
1,1544074747948,8.0,2.69,4.51
1,1544074747985,7.73,3.9,4.0
1,1544074748005,6.52,4.98,4.39
1,1544074748006,4.41,5.74,5.19
1,1544074748006,-0.15,6.36,4.35
1,1544074748006,-1.79,6.36,3.12
1,1544074748007,-2.65,6.44,2.3
1,1544074748058,-2.85,6.58,1.93
1,1544074748059,-2.28,6.6,1.54
1,1544074748059,-2.14,6.58,1.67
1,1544074748060,-2.01,6.87,1.99
1,1544074748060,-1.71,7.44,2.2
1,1544074748061,-1.64,8.18,2.28
1,1544074748061,-2.18,8.61,2.28
1,1544074748062,-2.65,7.79,2.01
1,1544074748136,-3.35,6.66,1.48
1,1544074748139,-4.27,5.46,1.15
1,1544074748141,-6.23,3.35,0.68
1,1544074748142,-6.97,2.73,0.8
1,1544074748143,-7.22,2.36,0.87
1,1544074748144,-6.73,2.26,0.54
1,1544074748146,-3.76,2.77,-0.64
1,1544074748147,-2.08,3.51,-1.05
1,1544074748211,-0.31,4.49,-1.32
1,1544074748212,1.13,5.68,-1.13
1,1544074748212,5.33,8.67,-0.85
1,1544074748213,7.34,10.0,-0.85
1,1544074748213,8.9,10.72,-1.15
1,1544074748214,9.7,10.48,-0.97
1,1544074748214,9.92,9.53,-0.37
1,1544074748214,10.76,7.53,1.42
1,1544074748382,11.75,7.01,1.89
1,1544074748384,12.63,6.62,1.95
1,1544074748385,12.77,6.23,1.87
1,1544074748386,10.46,5.09,1.73
1,1544074748387,9.0,4.6,1.77
1,1544074748436,8.04,4.23,1.89
1,1544074748437,7.81,3.98,2.1
1,1544074748438,9.49,3.65,2.32
1,1544074748458,10.76,3.49,2.36
1,1544074748459,11.97,3.39,2.38
1,1544074748460,7.5,1.26,1.23
1,1544074748461,3.18,1.66,2.12
1,1544074748510,-0.85,1.91,2.32
1,1544074748511,-5.15,1.46,1.93
1,1544074748512,1.4,0.56,1.28
1,1544074748512,4.53,0.01,0.64
1,1544074748513,4.62,-1.48,-0.93
1,1544074748513,3.53,-2.83,-1.97
1,1544074748513,2.98,-3.53,-2.46
1,1544074748514,4.21,-3.98,-2.65
1,1544074748585,10.25,-5.17,-3.9
1,1544074748613,12.55,-6.46,-4.72
1,1544074748615,14.86,-8.28,-3.75
1,1544074748616,16.64,-10.03,-1.75
1,1544074748617,21.01,-10.6,1.21
1,1544074748618,23.43,-10.09,-0.15
1,1544074748619,22.48,-9.1,-1.19
1,1544074748620,18.71,-7.16,-1.17
1,1544074748663,16.91,-5.0,-2.83
1,1544074748665,18.33,-5.37,-1.85
1,1544074748678,18.71,-7.05,-0.29
1,1544074748679,18.96,-9.7,0.42
1,1544074748680,16.28,-9.49,-0.5
1,1544074748680,15.37,-7.55,-0.7
1,1544074748681,15.56,-5.52,-0.46
1,1544074748682,16.64,-3.76,0.95
1,1544074748731,17.91,-2.67,2.85
1,1544074748732,21.23,-7.24,5.05
1,1544074748741,21.48,-20.64,-11.83
1,1544074748742,33.71,-24.51,-8.16
1,1544074748742,41.79,-5.17,5.99
1,1544074748742,33.33,7.5,57.01
1,1544074748743,44.78,7.75,-3.12
1,1544074748743,49.49,23.28,-13.65
1,1544074748886,23.12,21.36,0.97
1,1544074748888,0.0,11.42,7.1
1,1544074748888,-3.3,7.24,-2.92
1,1544074748889,-2.3,6.19,-9.21
1,1544074748890,6.32,8.71,-7.5
1,1544074748961,8.59,6.81,-2.38
1,1544074748963,7.14,4.02,1.09
1,1544074748964,8.53,2.24,5.17
1,1544074748965,10.62,1.17,6.09
1,1544074748966,12.5,0.66,4.53
1,1544074748967,6.11,1.66,3.14
1,1544074748967,7.12,6.21,2.83
1,1544074748968,8.14,10.01,2.48
1,1544074749036,7.85,4.35,1.36
1,1544074749038,11.01,-1.97,0.91
1,1544074749040,10.52,-1.67,0.68
1,1544074749042,9.86,-1.66,0.99
1,1544074749044,9.21,-1.73,2.28
1,1544074749046,9.78,0.05,-0.83
1,1544074749047,9.66,0.91,-1.25
1,1544074749049,9.53,1.36,-1.83
1,1544074749108,10.17,2.59,-1.15
1,1544074749110,9.9,6.79,-0.44
1,1544074749110,9.82,8.75,0.95
1,1544074749111,10.97,9.29,1.48
1,1544074749111,11.4,7.57,0.87
1,1544074749112,7.75,-2.53,1.62
1,1544074749113,8.02,-6.91,-0.07
1,1544074749113,9.82,-8.37,-2.26
1,1544074749184,11.15,-6.97,-2.07
1,1544074749185,12.12,-3.59,-1.73
1,1544074749185,8.71,-1.44,-0.52
1,1544074749186,9.25,-2.32,-0.15
1,1544074749186,10.23,-3.96,2.53
1,1544074749186,12.65,-3.43,1.73
1,1544074749260,8.92,2.03,0.72
1,1544074749260,8.94,5.82,-0.7
1,1544074749280,10.58,9.29,-2.79
1,1544074749281,10.05,10.66,-0.54
1,1544074749281,8.76,6.4,2.51
1,1544074749282,9.45,4.27,2.81
1,1544074749283,9.25,0.99,1.97
1,1544074749283,8.76,-1.83,0.7
1,1544074749339,8.16,-5.99,0.48
1,1544074749340,9.35,-5.33,1.48
1,1544074749342,10.46,-0.6,2.1
1,1544074749343,10.42,3.45,0.83
1,1544074749344,9.96,-0.19,1.28
1,1544074749347,11.01,-0.58,1.21
1,1544074749348,11.23,0.52,-1.13
1,1544074749350,10.64,2.05,-2.1
1,1544074749409,10.23,4.58,-0.76
1,1544074749410,10.25,5.83,-0.19
1,1544074749410,9.72,4.74,2.12
1,1544074749411,9.72,4.12,2.36
1,1544074749411,9.8,4.23,2.14
1,1544074749411,9.47,0.29,0.85
1,1544074749412,10.41,-2.57,-0.05
1,1544074749412,10.74,-2.48,0.03
1,1544074749485,10.83,-1.56,-0.15
1,1544074749487,10.58,-0.76,-0.13
1,1544074749488,9.88,-1.4,0.01
1,1544074749489,9.6,-1.87,-0.41
1,1544074749489,9.8,-0.8,0.07
1,1544074749490,10.03,0.87,0.35
1,1544074749491,8.65,1.87,-0.13
1,1544074749492,8.47,0.42,-0.48
1,1544074749560,9.16,-0.25,-0.31
1,1544074749561,10.11,-0.13,0.44
1,1544074749562,10.44,1.13,0.39
1,1544074749562,10.46,1.85,0.41
1,1544074749563,10.42,2.14,1.3
1,1544074749563,10.58,1.77,1.21
1,1544074749563,10.03,0.01,0.64
1,1544074749564,9.9,-0.7,0.39
1,1544074749638,9.66,-1.66,-0.13
1,1544074749653,9.74,-1.85,0.29
1,1544074749655,9.86,0.09,1.6
1,1544074749655,9.49,1.05,2.34
1,1544074749656,9.57,1.36,1.83
1,1544074749657,9.21,0.62,2.01
1,1544074749658,9.23,0.83,2.55
1,1544074749659,9.6,4.16,2.87
1,1544074749707,9.45,3.88,1.73
1,1544074749708,9.86,2.28,0.7
1,1544074749715,11.13,1.15,0.19
1,1544074749716,13.2,4.06,2.03
1,1544074749716,12.75,6.66,2.07
1,1544074749716,12.24,8.39,2.3
1,1544074749716,11.77,8.0,3.51
1,1544074749717,13.08,6.73,7.24
1,1544074749782,18.47,7.75,9.35
1,1544074749782,19.49,5.78,12.24
1,1544074749782,18.43,-2.69,9.0
1,1544074749783,22.28,-6.56,14.25
1,1544074749783,22.61,-8.76,10.8
1,1544074749783,22.32,-7.61,9.84
1,1544074749801,20.41,-4.31,7.14
1,1544074749858,19.51,-1.6,6.48
1,1544074749858,16.56,-2.98,-0.72
1,1544074749859,17.57,-6.23,-6.87
1,1544074749859,18.57,-8.78,-11.66
1,1544074749867,19.94,-11.09,-13.53
1,1544074749932,22.14,-16.85,-11.73
1,1544074749934,23.49,-19.1,-4.96
1,1544074749934,21.09,-17.28,-1.23
1,1544074749934,20.39,-11.05,0.83
1,1544074749935,16.23,-2.53,-1.64
1,1544074749935,15.33,-0.25,-2.65
1,1544074749936,16.07,0.23,-2.69
1,1544074749936,17.32,-0.25,-1.79
1,1544074750103,17.96,-2.12,-0.21
1,1544074750104,17.3,-2.57,0.13
1,1544074750123,16.62,-2.53,0.39
1,1544074750124,16.09,-1.97,0.37
1,1544074750124,15.68,-1.07,0.31
1,1544074750163,14.66,0.68,0.48
1,1544074750164,14.06,1.19,0.56
1,1544074750165,13.2,1.54,0.74
1,1544074750165,12.12,1.71,0.93
1,1544074750166,-0.82,0.62,1.13
1,1544074750167,-1.58,0.91,1.13
1,1544074750168,-2.08,1.64,1.46
1,1544074750169,-2.14,2.85,2.1
1,1544074750234,-1.89,3.98,2.63
1,1544074750234,-1.5,4.08,4.94
1,1544074750235,-2.57,3.32,4.84
1,1544074750235,-3.0,3.59,4.78
1,1544074750235,-3.04,3.98,4.41
1,1544074750236,-2.57,4.39,3.67
1,1544074750236,-0.41,4.51,2.32
1,1544074750253,0.44,4.37,2.12
1,1544074750311,1.48,4.41,1.85
1,1544074750312,2.81,4.72,1.95
1,1544074750314,5.23,6.03,2.16
1,1544074750315,6.54,6.81,2.18
1,1544074750316,7.92,7.44,2.28
1,1544074750317,9.35,7.75,2.28
1,1544074750318,10.72,8.0,2.36
1,1544074750320,14.12,8.0,2.94
1,1544074750383,15.89,7.79,2.98
1,1544074750383,17.2,7.53,2.73
1,1544074750384,17.77,7.34,2.42
1,1544074750403,14.78,6.91,2.18
1,1544074750404,12.24,6.75,1.99
1,1544074750404,9.96,6.42,1.85
1,1544074750404,8.14,5.82,1.75
1,1544074750404,6.34,4.06,1.42
1,1544074750460,6.32,3.16,1.38
1,1544074750463,6.62,2.5,1.38
1,1544074750464,6.93,1.87,1.32
1,1544074750466,6.79,0.97,1.23
1,1544074750467,6.17,0.78,1.3
1,1544074750468,5.33,0.68,1.3
1,1544074750469,4.33,0.58,1.28
1,1544074750470,3.28,0.54,1.21
1,1544074750535,1.19,0.42,1.17
1,1544074750537,0.35,0.23,1.21
1,1544074750538,-0.15,-0.03,1.21
1,1544074750538,-0.8,-0.25,0.93
1,1544074750539,-1.52,-0.42,0.27
1,1544074750540,-1.62,-0.41,0.17
1,1544074750540,-1.36,-0.42,0.03
1,1544074750608,-1.09,-0.46,0.09
1,1544074750609,-1.4,-1.77,-0.19
1,1544074750611,-1.75,-2.53,-0.25
1,1544074750612,-2.08,-3.12,-0.09
1,1544074750612,-2.18,-3.16,0.19
1,1544074750625,-0.78,-1.87,0.72
1,1544074750626,0.48,-1.32,0.56
1,1544074750626,2.14,-1.19,0.07
1,1544074750690,3.8,-1.66,-0.74
1,1544074750691,6.32,-2.69,-1.95
1,1544074750691,7.08,-2.51,-1.66
1,1544074750692,7.57,-1.95,-0.82
1,1544074750692,8.2,-1.34,-0.23
1,1544074750692,9.37,-1.05,-0.54
1,1544074750693,14.27,-1.26,-1.83
1,1544074750759,17.24,-2.05,-2.1
1,1544074750760,19.51,-3.32,-1.17
1,1544074750760,20.68,-4.72,0.6
1,1544074750760,18.92,-6.83,2.03
1,1544074750772,15.82,-6.71,1.73
1,1544074750835,13.61,-5.41,1.54
1,1544074750836,13.53,-3.43,0.87
1,1544074750857,14.62,-1.46,0.11
1,1544074750858,15.76,-2.01,1.01
1,1544074750858,17.48,-1.97,2.44
1,1544074750859,19.02,-1.36,2.81
1,1544074750860,22.18,-2.53,1.75
1,1544074750861,24.29,-3.84,1.73
1,1544074750910,27.44,-3.3,3.82
1,1544074750923,28.45,-1.85,1.48
1,1544074750924,28.35,-6.52,-10.54
1,1544074750924,30.35,2.61,-0.99
1,1544074750924,23.04,8.71,21.26
1,1544074750924,15.05,5.01,54.66
1,1544074750924,19.39,-9.68,30.39
1,1544074750925,37.05,17.85,-3.76
1,1544074750983,27.59,26.25,-2.53
1,1544074750984,4.17,10.87,2.65
1,1544074750985,4.16,4.7,-1.62
1,1544074750986,5.29,5.87,-3.92
1,1544074750987,7.96,8.84,-3.22
1,1544074750988,7.91,9.68,-1.34
1,1544074750988,6.3,7.71,-1.73
1,1544074750989,7.05,2.75,0.52
1,1544074751057,8.37,0.27,1.21
1,1544074751058,10.39,-0.23,2.26
1,1544074751074,12.16,0.54,2.91
1,1544074751075,10.78,2.69,2.73
1,1544074751075,8.51,3.57,5.27
1,1544074751075,6.67,3.92,6.15
1,1544074751075,5.48,4.33,6.36
1,1544074751076,4.68,0.82,2.71
1,1544074751132,5.99,-0.42,2.28
1,1544074751141,8.71,-0.11,2.26
1,1544074751142,10.66,0.13,1.09
1,1544074751142,10.64,-0.97,-0.11
1,1544074751142,10.05,-1.09,0.68
1,1544074751143,9.72,-1.6,1.4
1,1544074751143,10.15,-0.95,2.18
1,1544074751143,11.09,0.25,1.91
1,1544074751211,10.5,2.69,1.95
1,1544074751212,10.0,3.82,3.76
1,1544074751213,8.57,1.67,2.4
1,1544074751213,8.22,0.78,2.65
1,1544074751213,10.11,0.39,-1.52
1,1544074751213,11.28,0.5,-2.87
1,1544074751214,10.95,-0.27,-3.67
1,1544074751214,10.23,-0.27,-2.48
1,1544074751281,10.05,1.28,1.66
1,1544074751283,9.58,0.95,2.98
1,1544074751283,11.07,1.21,2.44
1,1544074751284,12.67,2.34,1.91
1,1544074751284,11.4,-0.35,-1.15
1,1544074751285,8.98,-3.76,0.42
1,1544074751285,8.51,-3.86,0.42
1,1544074751357,9.35,-2.96,-0.72
1,1544074751358,10.95,0.07,1.26
1,1544074751358,10.64,1.58,1.38
1,1544074751359,8.71,2.2,1.6
1,1544074751360,8.16,2.61,-0.35
1,1544074751361,8.96,3.63,-0.37
1,1544074751362,8.57,7.77,3.84
1,1544074751363,6.56,8.18,6.66
1,1544074751436,5.25,6.01,7.14
1,1544074751438,6.79,3.04,5.19
1,1544074751439,9.74,-1.19,2.65
1,1544074751440,10.33,-3.55,-0.17
1,1544074751441,9.62,-5.48,0.39
1,1544074751443,9.66,-5.33,1.75
1,1544074751445,10.25,1.5,2.87
1,1544074751510,10.82,6.73,2.2
1,1544074751510,11.03,11.69,1.75
1,1544074751511,10.8,14.68,0.95
1,1544074751511,8.9,13.02,0.09
1,1544074751511,8.8,3.8,3.49
1,1544074751511,9.78,0.68,3.65
1,1544074751512,10.48,-0.09,2.34
1,1544074751512,10.27,-0.11,1.05
1,1544074751584,10.35,0.11,0.17
1,1544074751585,10.46,0.0,0.44
1,1544074751585,10.05,-0.58,0.72
1,1544074751585,9.74,-0.99,1.28
1,1544074751586,10.74,-0.64,0.03
1,1544074751587,10.58,-0.27,0.72
1,1544074751587,10.23,-0.44,1.6
1,1544074751660,9.76,-0.62,1.93
1,1544074751660,8.67,0.64,2.12
1,1544074751661,8.1,1.3,2.01
1,1544074751662,7.98,2.26,1.17
1,1544074751662,8.61,2.81,0.52
1,1544074751682,9.06,1.38,2.05
1,1544074751683,9.45,0.54,2.57
1,1544074751683,10.07,0.82,2.79
1,1544074751737,10.21,0.97,2.12
1,1544074751739,9.94,1.38,1.97
1,1544074751741,9.7,2.42,2.3
1,1544074751741,9.29,1.91,1.83
1,1544074751742,8.88,1.81,2.16
1,1544074751743,8.71,1.71,2.32
1,1544074751744,8.32,0.52,2.42
1,1544074751744,8.47,0.6,3.47
1,1544074751809,8.69,1.15,3.84
1,1544074751810,8.32,1.48,3.65
1,1544074751810,7.96,2.81,3.86
1,1544074751810,8.78,4.8,4.04
1,1544074751810,9.37,6.85,3.59
1,1544074751810,9.92,8.14,3.18
1,1544074751811,9.47,5.48,1.87
1,1544074751882,10.27,3.1,1.46
1,1544074751884,10.6,1.36,2.18
1,1544074751884,10.68,0.62,2.71
1,1544074751885,11.34,2.38,2.44
1,1544074751885,13.47,8.8,-0.97
1,1544074751886,16.42,12.24,-0.07
1,1544074751886,20.21,20.64,4.76
1,1544074751887,24.31,16.15,-1.69
1,1544074751956,25.95,0.09,9.7
1,1544074751965,26.5,-5.68,14.94
1,1544074751965,24.94,-9.58,15.27
1,1544074751965,17.98,-11.44,7.89
1,1544074751966,12.42,-6.71,4.37
1,1544074751966,10.93,-6.85,-1.87
1,1544074751966,13.35,-8.67,-5.7
1,1544074751966,17.51,-11.05,-9.29
1,1544074752031,21.26,-15.11,-9.43
1,1544074752032,24.17,-14.58,-2.32
1,1544074752033,23.75,-13.12,0.93
1,1544074752033,21.26,-11.19,1.46
1,1544074752034,19.78,-8.28,1.11
1,1544074752034,17.24,-3.04,-0.13
1,1544074752034,17.18,-1.67,-0.17
1,1544074752109,18.33,-0.09,0.25
1,1544074752133,19.27,0.74,1.09
1,1544074752133,19.16,0.21,1.79
1,1544074752133,19.12,-0.87,0.89
1,1544074752134,19.53,-1.46,0.48
1,1544074752135,19.78,-1.48,0.46
1,1544074752135,17.92,-0.97,1.93
1,1544074752135,16.77,-0.31,2.4
1,1544074752201,16.13,0.7,3.22
1,1544074752202,15.17,1.83,4.49
1,1544074752202,12.44,3.41,6.79
1,1544074752202,10.19,3.51,7.89
1,1544074752203,8.32,3.24,7.92
1,1544074752203,7.12,2.61,7.22
1,1544074752203,6.46,1.77,5.64
1,1544074752259,5.91,0.52,2.42
1,1544074752260,5.62,0.54,1.4
1,1544074752281,5.33,0.72,0.39
1,1544074752282,4.74,1.85,0.01
1,1544074752282,2.3,5.05,0.87
1,1544074752282,0.74,6.11,1.89
1,1544074752283,-0.33,6.38,2.38
1,1544074752283,-1.38,5.91,2.65
1,1544074752336,-2.36,3.8,2.96
1,1544074752338,-2.42,2.92,3.1
1,1544074752339,-2.34,2.26,3.2
1,1544074752340,-2.34,1.95,3.32
1,1544074752342,-2.57,1.85,2.98
1,1544074752343,-2.71,1.81,2.55
1,1544074752344,-2.73,1.69,2.36
1,1544074752345,-2.73,1.64,2.34
1,1544074752411,-2.65,1.62,2.32
1,1544074752413,-2.44,1.54,2.34
1,1544074752414,-2.34,1.58,2.32
1,1544074752416,-2.26,1.56,2.24
1,1544074752417,-2.03,1.6,1.83
1,1544074752418,-0.09,2.4,1.34
1,1544074752420,1.28,3.04,1.28
1,1544074752485,3.43,3.9,1.26
1,1544074752488,5.7,4.9,1.17
1,1544074752489,10.33,6.54,0.99
1,1544074752490,12.05,6.99,1.21
1,1544074752490,13.45,7.1,1.5
1,1544074752491,15.25,6.89,2.18
1,1544074752491,20.7,6.87,3.51
1,1544074752492,21.6,6.75,3.3
1,1544074752560,19.45,6.46,2.67
1,1544074752562,15.5,6.3,2.5
1,1544074752564,12.05,6.03,2.67
1,1544074752588,8.59,5.0,2.96
1,1544074752589,7.83,4.35,3.04
1,1544074752590,7.51,3.69,3.18
1,1544074752591,7.53,3.06,3.2
1,1544074752631,8.41,2.16,2.92
1,1544074752632,9.08,1.75,2.67
1,1544074752651,9.62,1.32,2.38
1,1544074752651,10.01,0.91,2.3
1,1544074752652,10.07,0.56,2.3
1,1544074752652,9.66,0.58,2.32
1,1544074752653,9.14,0.76,2.32
1,1544074752653,8.33,1.19,2.32
1,1544074752711,6.42,1.89,2.3
1,1544074752712,5.52,1.97,2.03
1,1544074752712,4.74,1.81,1.62
1,1544074752713,4.04,1.4,1.32
1,1544074752714,3.24,0.95,1.13
1,1544074752715,1.26,0.17,1.44
1,1544074752715,0.23,-0.39,1.69
1,1544074752716,-0.68,-0.87,1.85
1,1544074752867,-1.77,-1.19,1.89
1,1544074752869,-2.46,-1.52,1.5
1,1544074752870,-1.87,-1.46,1.3
1,1544074752870,-0.68,-1.25,1.03
1,1544074752871,0.31,-1.05,0.89
1,1544074752935,1.58,-0.74,0.85
1,1544074752936,1.73,-0.44,0.8
1,1544074752937,1.4,-0.07,0.66
1,1544074752937,0.91,0.39,0.37
1,1544074752938,8.3,-3.51,0.66
1,1544074752938,8.8,-3.69,0.99
1,1544074752939,9.45,-4.08,0.83
1,1544074752940,11.38,-4.43,0.5
1,1544074753011,11.71,-4.35,0.13
1,1544074753013,11.34,-3.43,0.64
1,1544074753013,12.46,-2.24,0.54
1,1544074753014,14.31,-0.85,0.8
1,1544074753015,16.11,0.01,1.09
1,1544074753015,17.75,-0.27,1.52
1,1544074753016,20.76,-2.4,3.75
1,1544074753017,21.4,-3.14,4.8
1,1544074753086,20.83,-2.87,4.9
1,1544074753087,19.57,-1.95,4.02
1,1544074753088,17.73,0.41,2.32
1,1544074753089,17.3,0.91,2.92
1,1544074753090,16.71,0.52,4.02
1,1544074753090,17.18,0.19,5.91
1,1544074753091,18.28,-1.38,3.49
1,1544074753092,18.61,-8.37,-7.65
1,1544074753160,28.12,-5.31,-4.29
1,1544074753162,34.31,13.8,37.08
1,1544074753163,27.38,12.89,56.85
1,1544074753165,45.64,28.98,-21.15
1,1544074753166,30.17,31.79,-10.27
1,1544074753168,14.57,13.82,5.56
1,1544074753169,8.37,1.21,9.06
1,1544074753171,2.81,0.6,4.33
1,1544074753236,2.96,9.82,1.4
1,1544074753238,4.82,13.9,1.13
1,1544074753240,4.82,13.9,1.13
1,1544074753241,5.15,7.36,1.64
1,1544074753242,6.81,2.22,1.07
1,1544074753244,8.75,-1.28,0.82
1,1544074753244,11.03,-2.4,1.89
1,1544074753246,14.06,0.48,1.34
1,1544074753310,13.33,2.42,1.34
1,1544074753311,11.52,4.19,2.01
1,1544074753312,9.41,4.51,2.61
1,1544074753312,7.63,4.12,3.69
1,1544074753313,5.95,2.55,2.67
1,1544074753313,5.48,1.87,0.99
1,1544074753313,5.68,2.63,0.46
1,1544074753314,5.8,3.3,1.77
1,1544074753381,5.35,1.4,4.51
1,1544074753381,5.76,0.42,5.52
1,1544074753382,6.32,0.48,6.64
1,1544074753394,7.81,1.21,5.91
1,1544074753394,9.8,1.87,3.0
1,1544074753395,10.37,0.0,2.24
1,1544074753395,10.27,-2.1,2.14
1,1544074753460,10.83,-2.08,1.25
1,1544074753461,12.48,2.85,1.83
1,1544074753461,11.87,5.17,0.35
1,1544074753461,11.03,5.66,-0.97
1,1544074753462,9.94,5.93,0.68
1,1544074753473,9.27,4.98,1.77
1,1544074753474,9.04,1.89,1.97
1,1544074753474,9.41,1.01,0.56
1,1544074753533,9.84,0.23,-0.33
1,1544074753534,10.41,-0.13,0.74
1,1544074753534,10.46,-0.27,2.4
1,1544074753534,9.84,-0.17,2.1
1,1544074753535,10.37,0.39,1.01
1,1544074753540,10.66,0.74,0.76
1,1544074753541,8.39,2.07,2.32
1,1544074753610,7.85,1.01,0.21
1,1544074753630,8.16,-0.52,-0.31
1,1544074753632,9.55,-2.07,-0.37
1,1544074753633,10.78,-2.92,1.23
1,1544074753633,11.44,-0.8,1.26
1,1544074753634,9.8,0.87,3.26
1,1544074753634,9.58,3.0,3.55
1,1544074753635,10.6,3.33,1.67
1,1544074753698,9.62,1.73,3.0
1,1544074753699,9.6,0.42,1.58
1,1544074753699,9.41,1.01,2.24
1,1544074753700,9.49,2.81,1.19
1,1544074753700,8.08,2.03,2.08
1,1544074753701,8.67,3.63,3.88
1,1544074753701,9.47,4.96,3.02
1,1544074753702,9.23,4.7,2.91
1,1544074753761,8.41,1.81,3.51
1,1544074753761,8.33,-0.42,2.61
1,1544074753761,8.82,-1.4,3.88
1,1544074753762,9.55,-1.03,3.28
1,1544074753762,10.0,-0.39,2.28
1,1544074753762,9.68,1.19,1.23
1,1544074753763,9.08,0.83,1.75
1,1544074753836,9.33,0.6,2.24
1,1544074753837,10.82,1.28,2.42
1,1544074753837,10.82,2.87,2.48
1,1544074753838,10.03,2.91,2.36
1,1544074753864,10.42,2.98,1.25
1,1544074753866,10.95,2.59,0.01
1,1544074753866,10.29,0.89,0.37
1,1544074753867,10.17,0.37,0.41
1,1544074753910,10.09,0.11,0.23
1,1544074753911,10.31,-0.11,0.44
1,1544074753914,9.37,-1.11,1.64
1,1544074753915,8.82,-1.77,1.79
1,1544074753916,8.16,-2.59,2.07
1,1544074753916,7.94,-2.51,2.32
1,1544074753917,8.04,-1.48,2.32
1,1544074753982,8.28,1.46,2.22
1,1544074753997,9.0,2.4,1.81
1,1544074753998,9.27,2.75,2.3
1,1544074753999,9.55,2.53,2.83
1,1544074753999,10.37,2.89,2.48
1,1544074754000,10.39,3.35,2.38
1,1544074754059,10.15,3.47,2.44
1,1544074754060,9.47,3.04,2.61
1,1544074754060,8.92,1.85,2.3
1,1544074754061,8.82,1.67,2.34
1,1544074754061,8.37,1.3,2.85
1,1544074754061,8.22,0.99,3.47
1,1544074754062,8.8,1.4,3.69
1,1544074754062,9.39,3.18,3.32
1,1544074754133,9.37,3.65,3.88
1,1544074754134,9.58,3.59,3.32
1,1544074754134,9.82,3.1,2.36
1,1544074754134,10.05,3.98,3.02
1,1544074754135,9.66,3.8,2.57
1,1544074754135,9.39,2.91,1.46
1,1544074754136,9.49,2.51,1.75
1,1544074754136,9.64,2.12,3.2
1,1544074754212,12.67,3.35,1.15
1,1544074754213,17.16,7.44,-0.54
1,1544074754214,20.48,11.58,-0.85
1,1544074754214,23.65,14.25,0.76
1,1544074754215,22.77,2.79,1.77
1,1544074754215,20.0,-6.32,9.27
1,1544074754216,23.63,-11.09,13.22
1,1544074754216,26.25,-11.71,15.83
1,1544074754289,17.1,-8.8,2.98
1,1544074754320,16.56,-7.08,-2.67
1,1544074754321,16.87,-5.87,-7.57
1,1544074754322,16.83,-6.46,-13.26
1,1544074754322,19.8,-19.06,-11.44
1,1544074754323,19.96,-22.14,-4.43
1,1544074754323,19.78,-21.36,0.89
1,1544074754323,21.71,-21.05,1.56
1,1544074754363,20.82,-8.47,0.27
1,1544074754364,18.92,-2.87,-0.66
1,1544074754365,17.69,1.21,-1.46
1,1544074754367,17.12,3.59,-2.12
1,1544074754368,17.28,3.16,-1.01
1,1544074754368,18.22,0.82,0.21
1,1544074754370,19.17,-1.4,1.15
1,1544074754372,19.58,-2.96,1.87
1,1544074754433,19.29,-3.47,2.89
1,1544074754447,16.81,-2.28,4.64
1,1544074754448,15.52,-1.56,4.76
1,1544074754448,14.53,-0.91,4.64
1,1544074754448,13.92,-0.33,4.23
1,1544074754449,11.99,0.48,2.79
1,1544074754449,10.76,0.72,2.81
1,1544074754449,9.55,1.09,3.59
1,1544074754507,8.51,1.48,4.98
1,1544074754508,6.66,1.91,5.66
1,1544074754515,6.09,1.87,4.98
1,1544074754515,5.54,1.73,3.92
1,1544074754515,5.03,1.38,2.98
1,1544074754515,3.96,0.54,2.24
1,1544074754516,3.28,0.54,2.24
1,1544074754586,2.5,0.87,2.38
1,1544074754589,1.54,1.91,2.87
1,1544074754590,0.64,3.2,3.2
1,1544074754591,-0.21,5.03,2.46
1,1544074754594,-0.56,5.37,2.07
1,1544074754595,-0.68,5.33,1.62
1,1544074754596,-0.52,5.13,1.38
1,1544074754597,0.07,4.31,1.36
1,1544074754659,0.21,3.92,1.44
1,1544074754686,0.17,3.61,1.4
1,1544074754686,-0.03,3.49,1.25
1,1544074754687,-0.93,3.41,0.5
1,1544074754687,-1.42,3.33,0.21
1,1544074754687,-1.77,3.24,0.0
1,1544074754688,-2.03,3.24,-0.13
1,1544074754688,-2.08,3.2,-0.21
1,1544074754731,-1.36,3.14,-0.05
1,1544074754732,-0.27,3.3,-0.01
1,1544074754732,0.95,3.43,0.01
1,1544074754733,2.92,3.69,0.05
1,1544074754733,7.14,4.33,-0.13
1,1544074754750,9.1,4.8,-0.31
1,1544074754750,10.8,5.42,-0.11
1,1544074754807,12.18,6.13,0.37
1,1544074754817,15.17,7.07,1.93
1,1544074754817,16.89,7.26,2.4
1,1544074754817,18.02,7.36,2.51
1,1544074754818,17.4,7.32,2.53
1,1544074754818,13.24,7.32,2.96
1,1544074754818,11.62,7.16,3.1
1,1544074754818,10.54,6.89,3.14
1,1544074754885,9.82,6.3,3.08
1,1544074754886,9.39,5.41,2.92
1,1544074754886,9.45,3.35,3.06
1,1544074754886,9.72,2.5,3.14
1,1544074754886,10.0,1.69,3.18
1,1544074754886,10.15,1.17,3.04
1,1544074754887,10.05,0.74,2.51
1,1544074754965,9.74,0.54,2.38
1,1544074754965,9.19,0.33,2.36
1,1544074754966,8.59,-0.03,2.32
1,1544074754966,7.75,-0.58,2.36
1,1544074754967,7.4,-0.72,2.38
1,1544074754967,7.1,-0.83,2.38
1,1544074754967,6.77,-0.74,2.32
1,1544074754967,6.42,-0.44,2.28
1,1544074755033,5.64,0.11,1.6
1,1544074755034,4.43,0.31,0.99
1,1544074755036,3.59,0.15,0.99
1,1544074755038,2.79,-0.17,0.91
1,1544074755040,1.03,-1.01,1.3
1,1544074755041,0.35,-1.56,1.46
1,1544074755041,0.17,-1.97,1.48
1,1544074755042,0.07,-2.2,1.36
1,1544074755109,0.42,-2.1,0.97
1,1544074755109,0.89,-1.81,0.8
1,1544074755110,1.28,-1.52,0.44
1,1544074755110,1.56,-1.34,0.09
1,1544074755110,1.64,-0.87,-0.41
1,1544074755111,1.73,-0.78,-0.41
1,1544074755111,2.1,-0.52,-0.15
1,1544074755187,2.73,-0.21,0.15
1,1544074755245,3.65,-0.03,0.35
1,1544074755246,5.97,0.13,0.78
1,1544074755246,7.24,0.01,0.44
1,1544074755246,8.35,-0.19,0.01
1,1544074755247,9.23,-0.5,-0.27
1,1544074755247,10.87,-1.17,-0.23
1,1544074755247,11.64,-1.36,-0.15
1,1544074755277,12.12,-1.36,0.33
1,1544074755278,12.34,-1.11,1.23
1,1544074755278,12.38,0.15,2.51
1,1544074755278,12.57,0.76,3.0
1,1544074755279,12.53,1.42,3.45
1,1544074755333,12.71,1.87,3.53
1,1544074755354,13.53,0.52,2.77
1,1544074755355,14.1,-0.46,2.81
1,1544074755355,14.9,-0.6,3.33
1,1544074755355,15.68,0.35,3.88
1,1544074755355,16.11,1.3,3.9
1,1544074755356,15.48,2.34,2.4
1,1544074755356,14.84,1.95,1.52
1,1544074755408,14.29,1.11,-0.03
1,1544074755421,13.84,-0.42,-1.77
1,1544074755422,14.94,-1.66,1.38
1,1544074755422,15.62,0.07,2.44
1,1544074755422,15.82,1.66,2.36
1,1544074755422,15.74,2.92,2.28
1,1544074755489,15.39,0.56,2.77
1,1544074755489,16.28,-3.0,2.51
1,1544074755490,15.82,-10.5,-8.78
1,1544074755490,28.76,-9.45,-5.42
1,1544074755491,25.21,7.51,56.23
1,1544074755491,26.95,-5.25,17.71
1,1544074755492,37.14,9.02,-11.71
1,1544074755492,35.27,20.19,-18.04
1,1544074755634,21.77,22.79,-0.39
1,1544074755635,3.96,6.62,6.79
1,1544074755635,1.54,7.73,3.33
1,1544074755635,2.07,10.03,1.34
1,1544074755635,5.17,14.45,2.77
1,1544074755710,5.89,12.16,2.16
1,1544074755711,6.15,7.53,0.03
1,1544074755726,6.93,2.77,-2.08
1,1544074755727,10.25,-2.61,-1.77
1,1544074755727,6.36,1.4,2.79
1,1544074755727,6.34,0.31,3.53
1,1544074755727,6.34,-0.95,4.39
1,1544074755728,7.81,-0.01,5.01
1,1544074755802,11.03,2.67,4.57
1,1544074755803,11.44,0.93,-1.73
1,1544074755803,11.52,3.67,-1.09
1,1544074755803,10.52,3.96,-0.72
1,1544074755804,9.76,3.51,0.93
1,1544074755804,11.42,3.98,2.4
1,1544074755804,11.25,3.32,1.4
1,1544074755805,10.8,1.97,-1.05
1,1544074755863,10.39,0.46,-1.75
1,1544074755863,10.01,-0.33,-0.42
1,1544074755864,9.12,-2.28,1.38
1,1544074755864,9.19,-2.92,1.62
1,1544074755883,10.41,-1.83,2.28
1,1544074755884,11.03,-0.27,1.73
1,1544074755884,8.35,0.44,1.75
1,1544074755884,7.53,0.11,1.15
1,1544074755934,8.84,-0.09,-0.76
1,1544074755935,9.96,-0.48,-1.62
1,1544074755936,9.35,-2.22,0.13
1,1544074755936,10.13,-1.13,1.38
1,1544074755936,11.28,-0.82,0.93
1,1544074755951,11.32,-2.12,1.87
1,1544074755952,10.6,-3.24,2.89
1,1544074755952,10.78,0.54,3.24
1,1544074756009,10.27,4.29,2.05
1,1544074756035,9.17,7.51,0.31
1,1544074756036,7.79,7.57,-0.5
1,1544074756037,8.45,5.42,1.75
1,1544074756038,10.56,6.11,1.6
1,1544074756038,11.4,6.38,1.44
1,1544074756039,10.83,5.99,1.52
1,1544074756040,7.2,0.54,2.89
1,1544074756094,7.34,-2.32,3.37
1,1544074756094,8.49,-4.62,2.24
1,1544074756095,9.88,-5.42,1.15
1,1544074756095,10.39,-0.09,2.3
1,1544074756095,9.41,2.96,2.51
1,1544074756096,9.6,6.83,3.69
1,1544074756096,9.82,8.73,3.35
1,1544074756158,8.8,7.34,2.3
1,1544074756181,9.74,2.53,1.99
1,1544074756181,10.35,0.54,0.01
1,1544074756181,9.82,-1.01,-0.05
1,1544074756181,9.49,-1.4,0.93
1,1544074756182,10.52,0.68,0.6
1,1544074756182,10.05,1.07,0.87
1,1544074756182,9.49,0.66,0.85
1,1544074756233,9.92,0.7,1.85
1,1544074756244,10.01,0.95,2.32
1,1544074756244,9.12,0.66,2.26
1,1544074756244,9.31,0.46,1.56
1,1544074756245,10.25,0.39,0.48
1,1544074756245,10.76,-0.31,-0.46
1,1544074756245,10.64,-0.83,-0.15
1,1544074756309,10.17,-1.25,0.6
1,1544074756310,9.76,-1.21,0.95
1,1544074756328,9.98,-0.11,0.8
1,1544074756328,9.88,3.1,2.36
1,1544074756329,9.49,3.63,2.2
1,1544074756329,9.17,3.06,1.52
1,1544074756409,8.75,1.91,1.62
1,1544074756409,8.59,0.0,2.3
1,1544074756410,9.27,-1.13,1.44
1,1544074756410,10.0,-1.01,1.38
1,1544074756410,10.19,0.07,2.22
1,1544074756410,9.27,1.36,2.26
1,1544074756411,9.16,2.65,2.36
1,1544074756411,9.21,3.55,2.5
1,1544074756468,8.96,3.53,2.46
1,1544074756622,8.53,2.98,2.87
1,1544074756625,8.28,1.87,2.44
1,1544074756626,8.61,2.12,2.42
1,1544074756627,9.14,3.2,2.94
1,1544074756628,9.49,4.58,3.73
1,1544074756687,8.84,5.56,3.33
1,1544074756688,9.37,5.07,3.69
1,1544074756688,10.01,4.33,3.63
1,1544074756689,9.9,2.79,2.4
1,1544074756690,8.69,1.36,3.3
1,1544074756690,17.61,6.11,6.44
1,1544074756691,14.66,9.23,-0.01
1,1544074756691,17.18,10.99,3.37
1,1544074756759,19.02,6.64,1.52
1,1544074756760,15.74,-16.67,-0.25
1,1544074756760,14.1,-17.57,-1.46
1,1544074756761,15.72,-17.87,-3.63
1,1544074756761,14.92,-19.23,-12.79
1,1544074756762,20.13,-19.6,-7.83
1,1544074756763,21.67,-17.46,-7.24
1,1544074756764,20.66,-13.26,-6.03
1,1544074756833,19.96,-10.39,-5.85
1,1544074756846,20.0,-5.15,-2.2
1,1544074756846,20.76,-2.59,-0.93
1,1544074756846,21.97,-0.52,-0.19
1,1544074756847,22.87,0.8,0.19
1,1544074756847,23.3,1.19,0.39
1,1544074756847,23.26,0.7,0.58
1,1544074756847,23.26,0.39,0.87
1,1544074756911,23.32,0.25,1.38
1,1544074756913,21.77,1.34,1.89
1,1544074756913,20.29,1.97,2.14
1,1544074756914,18.76,2.22,2.32
1,1544074756914,17.5,2.1,2.36
1,1544074756915,16.42,1.56,2.5
1,1544074756916,14.98,0.56,2.53
1,1544074756917,14.47,0.41,2.44
1,1544074757001,13.84,0.25,2.5
1,1544074757002,13.16,0.29,2.83
1,1544074757003,10.8,0.58,3.71
1,1544074757004,9.21,0.64,4.02
1,1544074757004,7.77,0.66,3.88
1,1544074757016,6.83,0.68,3.41
1,1544074757017,6.46,1.25,2.5
1,1544074757057,6.32,1.73,2.28
1,1544074757058,5.68,2.05,1.99
1,1544074757058,4.84,2.22,1.97
1,1544074757059,2.61,2.53,2.28
1,1544074757059,1.6,2.46,2.2
1,1544074757059,1.01,2.24,2.2
1,1544074757060,0.87,2.2,2.22
1,1544074757060,1.09,2.48,2.18
1,1544074757137,1.85,3.61,2.24
1,1544074757138,1.77,4.47,2.18
1,1544074757138,1.36,5.35,1.75
1,1544074757139,1.05,6.5,1.52
1,1544074757139,0.56,8.35,1.71
1,1544074757140,0.62,8.24,1.64
1,1544074757141,0.85,7.4,1.4
1,1544074757155,1.25,6.17,1.19
1,1544074757210,2.5,3.47,0.82
1,1544074757217,3.04,2.46,0.66
1,1544074757218,3.55,1.85,0.66
1,1544074757218,4.04,1.93,0.99
1,1544074757218,4.57,2.75,1.25
1,1544074757219,4.74,3.18,1.38
1,1544074757233,4.78,3.86,1.66
1,1544074757289,4.57,4.74,1.75
1,1544074757290,4.17,5.52,1.71
1,1544074757290,3.73,6.69,1.44
1,1544074757290,3.71,6.95,1.34
1,1544074757290,3.84,6.93,1.36
1,1544074757291,4.25,6.79,1.5
1,1544074757291,5.85,6.03,2.03
1,1544074757291,6.75,5.64,2.22
1,1544074757359,7.87,5.27,2.22
1,1544074757360,9.39,5.0,2.18
1,1544074757360,13.26,4.66,2.28
1,1544074757361,15.78,4.47,2.3
1,1544074757361,18.41,4.02,2.26
1,1544074757362,21.6,3.61,2.34
1,1544074757363,26.48,1.87,2.48
1,1544074757435,26.69,0.5,2.75
1,1544074757435,24.64,-0.58,3.0
1,1544074757436,21.4,-1.58,3.18
1,1544074757436,18.49,-2.18,3.1
1,1544074757436,15.03,-2.98,2.34
1,1544074757437,13.94,-3.32,2.3
1,1544074757511,13.08,-3.61,2.36
1,1544074757513,12.08,-3.69,2.71
1,1544074757516,9.72,-3.33,3.24
1,1544074757517,8.59,-3.18,3.04
1,1544074757518,7.51,-3.08,2.65
1,1544074757520,6.54,-3.1,2.28
1,1544074757521,5.23,-2.98,1.77
1,1544074757522,4.94,-2.55,1.71
1,1544074757601,5.03,-2.12,1.28
1,1544074757602,5.42,-2.01,0.54
1,1544074757602,6.32,-2.28,-0.68
1,1544074757603,6.44,-2.5,-0.87
1,1544074757603,6.23,-2.61,-0.89
1,1544074757604,5.6,-2.5,-0.8
1,1544074757605,4.8,-2.28,-0.95
1,1544074757605,3.51,-2.14,-0.76
1,1544074757659,3.24,-2.51,-0.44
1,1544074757669,3.43,-3.39,-0.37
1,1544074757670,3.98,-4.51,-0.58
1,1544074757670,4.51,-6.42,-0.64
1,1544074757670,4.33,-7.03,-0.48
1,1544074757671,3.67,-6.93,-0.17
1,1544074757671,2.53,-6.05,0.15
1,1544074757671,0.54,-3.45,-0.74
1,1544074757734,0.23,-2.22,-1.48
1,1544074757734,0.25,-1.15,-2.26
1,1544074757735,0.48,0.05,-2.34
1,1544074757735,2.83,1.03,-1.77
1,1544074757735,4.31,1.07,-1.52
1,1544074757736,5.41,0.78,-1.71
1,1544074757736,6.03,0.21,-1.85
1,1544074757736,6.13,-0.89,-1.79
1,1544074757811,5.95,-3.04,-0.64
1,1544074757812,6.32,-3.69,-0.05
1,1544074757813,7.42,-3.75,0.76
1,1544074757821,8.98,-3.02,1.73
1,1544074757821,12.22,-1.03,2.34
1,1544074757821,13.45,-0.58,2.48
1,1544074757822,13.73,-0.8,2.3
1,1544074757822,13.61,-1.42,2.48
1,1544074757888,12.61,-1.95,3.96
1,1544074757890,12.12,-1.46,4.35
1,1544074757891,12.05,-0.39,4.19
1,1544074757892,12.73,1.05,3.57
1,1544074757893,14.21,2.79,3.32
1,1544074757894,17.24,4.8,4.6
1,1544074757895,17.75,4.47,5.23
1,1544074757896,17.83,3.18,5.52
1,1544074757961,17.92,2.32,5.76
1,1544074757962,18.08,2.71,4.19
1,1544074757963,17.81,3.08,4.06
1,1544074757964,17.69,3.73,4.74
1,1544074757964,17.81,3.28,4.68
1,1544074757965,19.12,-3.39,-10.33
1,1544074757966,32.77,4.43,-3.73
1,1544074758037,33.28,23.53,13.16
1,1544074758037,18.28,18.76,58.65
1,1544074758038,43.35,-2.44,-6.15
1,1544074758038,46.17,14.16,-9.94
1,1544074758039,26.6,20.85,5.41
1,1544074758039,8.37,14.16,10.23
1,1544074758039,1.73,9.51,6.81
1,1544074758040,-0.09,7.53,-0.41
1,1544074758195,0.54,7.67,-3.28
1,1544074758197,3.71,8.51,-4.02
1,1544074758197,6.54,8.96,-2.87
1,1544074758198,7.01,4.08,0.5
1,1544074758199,8.14,2.07,1.01
1,1544074758261,9.58,1.11,0.48
1,1544074758275,10.89,0.31,0.78
1,1544074758276,12.94,0.6,0.52
1,1544074758276,12.67,1.25,0.87
1,1544074758277,11.75,2.1,2.34
1,1544074758277,4.92,2.92,2.46
1,1544074758277,5.89,1.01,3.82
1,1544074758278,6.73,0.41,3.55
1,1544074758421,7.83,-0.41,2.4
1,1544074758453,10.72,-2.16,3.14
1,1544074758456,10.66,-0.74,3.43
1,1544074758457,10.58,4.74,0.78
1,1544074758458,9.74,5.87,-0.76
1,1544074758502,9.68,4.94,-1.26
1,1544074758503,9.92,3.41,-0.68
1,1544074758504,10.19,2.03,-0.19
1,1544074758504,11.66,1.44,-1.54
1,1544074758505,9.08,0.31,0.89
1,1544074758505,9.27,0.48,-0.5
1,1544074758506,8.9,-0.91,-0.44
1,1544074758507,10.82,-2.18,0.37
1,1544074758561,10.56,-3.14,1.05
1,1544074758585,9.04,4.68,1.44
1,1544074758587,9.7,7.34,-0.41
1,1544074758588,10.09,8.71,-0.27
1,1544074758589,9.53,7.98,1.38
1,1544074758590,7.83,4.68,2.63
1,1544074758591,11.42,3.75,3.02
1,1544074758593,11.93,5.07,1.36
1,1544074758634,9.88,5.01,2.44
1,1544074758635,8.61,3.71,3.84
1,1544074758636,8.1,-1.11,3.2
1,1544074758637,7.61,-3.26,3.3
1,1544074758637,8.32,-4.21,2.36
1,1544074758638,9.35,-3.32,2.01
1,1544074758638,9.98,1.73,0.15
1,1544074758639,9.53,3.16,-0.15
1,1544074758713,9.37,4.68,1.54
1,1544074758716,9.86,5.85,2.57
1,1544074758717,10.01,5.6,2.75
1,1544074758717,10.72,3.12,1.69
1,1544074758718,10.33,2.48,0.6
1,1544074758719,9.76,1.54,0.35
1,1544074758720,9.45,0.76,0.09
1,1544074758721,10.39,0.07,0.01
1,1544074758787,10.35,-0.25,0.7
1,1544074758788,10.23,-0.27,0.95
1,1544074758788,10.68,0.52,1.36
1,1544074758788,9.88,0.33,0.41
1,1544074758789,9.76,0.11,0.66
1,1544074758789,9.66,0.15,1.05
1,1544074758813,9.39,-0.37,0.66
1,1544074758814,9.78,-0.05,0.91
1,1544074758873,9.55,0.37,0.64
1,1544074758874,9.23,0.41,0.56
1,1544074758874,9.35,0.5,0.78
1,1544074758875,9.41,0.35,1.32
1,1544074758875,9.35,-0.17,0.91
1,1544074758876,9.66,-0.03,1.6
1,1544074758877,10.09,0.68,1.89
1,1544074758877,10.19,1.42,1.79
1,1544074758932,9.76,1.01,1.46
1,1544074758933,9.74,0.62,1.23
1,1544074758933,9.6,0.7,1.42
1,1544074758945,9.45,1.23,1.67
1,1544074758945,8.94,3.06,2.36
1,1544074758946,8.86,2.98,2.32
1,1544074758946,8.49,2.08,2.53
1,1544074759011,8.33,1.85,3.82
1,1544074759013,10.05,4.02,3.37
1,1544074759014,10.31,4.27,2.22
1,1544074759015,10.03,3.94,2.42
1,1544074759016,9.9,3.73,2.79
1,1544074759017,10.03,2.96,1.87
1,1544074759018,9.6,1.48,1.34
1,1544074759019,9.45,0.23,1.15
1,1544074759085,9.47,-0.21,1.99
1,1544074759088,9.62,0.68,2.73
1,1544074759090,12.14,3.9,2.01
1,1544074759092,16.3,7.61,0.44
1,1544074759093,18.76,10.95,-0.29
1,1544074759095,17.3,12.18,0.66
1,1544074759158,12.65,7.01,3.9
1,1544074759182,21.73,5.72,14.58
1,1544074759183,20.64,2.2,11.58
1,1544074759183,18.49,-8.41,9.88
1,1544074759184,21.3,-11.91,14.06
1,1544074759184,22.32,-8.1,16.19
1,1544074759184,21.91,-3.82,14.29
1,1544074759184,19.12,-0.17,10.31
1,1544074759238,17.5,-2.87,0.0
1,1544074759241,17.1,-9.92,-10.09
1,1544074759242,17.53,-14.04,-13.41
1,1544074759243,18.45,-18.14,-13.71
1,1544074759244,17.53,-20.85,-11.6
1,1544074759245,19.23,-21.93,-3.71
1,1544074759246,17.51,-15.21,-1.42
1,1544074759247,17.24,-9.51,-1.11
1,1544074759310,16.81,-3.67,0.56
1,1544074759311,16.28,0.13,1.11
1,1544074759311,15.27,1.25,-0.17
1,1544074759311,15.72,0.58,-0.25
1,1544074759333,16.23,-0.33,0.0
1,1544074759333,16.56,-1.56,0.35
1,1544074759334,16.97,-2.96,0.68
1,1544074759334,16.85,-2.94,0.52
1,1544074759403,16.58,-2.5,0.33
1,1544074759404,15.97,-1.75,0.09
1,1544074759405,14.25,0.35,0.03
1,1544074759405,13.28,0.95,-0.01
1,1544074759406,12.3,1.58,0.07
1,1544074759406,11.28,2.05,0.35
1,1544074759407,8.92,2.34,1.75
1,1544074759459,7.55,2.34,2.75
1,1544074759482,6.32,2.22,4.19
1,1544074759483,5.25,1.99,5.09
1,1544074759483,3.78,0.97,4.62
1,1544074759483,3.61,0.39,3.92
1,1544074759483,3.63,-0.27,3.24
1,1544074759483,3.78,-0.97,2.71
1,1544074759484,3.69,-1.26,2.36
1,1544074759535,2.73,-0.52,2.03
1,1544074759535,1.75,0.11,1.89
1,1544074759549,0.68,0.72,2.12
1,1544074759550,0.01,1.58,2.26
1,1544074759550,-0.5,2.98,1.95
1,1544074759550,-0.11,3.16,1.79
1,1544074759550,0.31,3.12,1.66
1,1544074759551,0.78,2.94,1.67
1,1544074759608,1.77,2.48,1.99
1,1544074759609,1.97,2.32,1.95
1,1544074759609,2.03,2.38,1.85
1,1544074759609,1.87,2.5,1.64
1,1544074759617,1.62,2.38,1.4
1,1544074759618,1.66,2.05,1.5
1,1544074759618,1.89,1.79,1.64
1,1544074759618,2.32,1.87,1.69
1,1544074759683,2.91,2.16,1.56
1,1544074759710,4.57,3.08,1.36
1,1544074759711,5.6,3.69,1.17
1,1544074759712,6.99,4.35,0.89
1,1544074759712,8.55,5.05,0.66
1,1544074759713,11.99,6.81,0.85
1,1544074759713,13.86,7.71,1.69
1,1544074759772,15.19,8.57,2.26
1,1544074759773,15.48,8.78,2.32
1,1544074759775,13.37,8.24,2.32
1,1544074759776,11.38,8.26,2.4
1,1544074759776,9.72,8.33,2.63
1,1544074759777,8.63,8.18,2.67
1,1544074759778,8.2,7.65,2.71
1,1544074759779,8.9,5.7,2.67
1,1544074759832,9.62,4.51,2.61
1,1544074759833,10.27,3.33,2.53
1,1544074759834,10.83,2.38,2.46
1,1544074759852,11.46,0.83,2.36
1,1544074759852,11.56,0.54,2.32
1,1544074759853,11.52,0.54,2.26
1,1544074759853,11.34,0.56,2.2
1,1544074759853,10.54,0.89,1.75
1,1544074759909,10.17,1.07,1.56
1,1544074759910,9.8,1.21,1.36
1,1544074759919,9.39,1.4,1.23
1,1544074759920,8.61,1.28,0.72
1,1544074759920,8.18,1.05,0.54
1,1544074759920,7.63,0.72,0.68
1,1544074759920,6.93,0.54,1.01
1,1544074759983,6.15,0.35,1.13
1,1544074760007,4.57,-0.7,0.89
1,1544074760007,3.65,-1.44,0.46
1,1544074760008,2.69,-2.16,0.23
1,1544074760008,1.64,-2.91,0.09
1,1544074760008,-0.46,-3.96,0.35
1,1544074760009,-1.83,-4.04,1.01
1,1544074760009,-2.81,-3.86,1.66
1,1544074760062,-3.24,-3.53,1.95
1,1544074760062,-2.4,-3.18,1.3
1,1544074760077,-1.42,-3.49,0.42
1,1544074760077,-0.29,-3.69,-0.11
1,1544074760077,0.54,-3.39,-0.41
1,1544074760077,2.57,-1.75,-0.46
1,1544074760078,3.32,-0.8,-0.31
1,1544074760133,4.16,0.15,-0.15
1,1544074760166,5.03,0.58,-0.15
1,1544074760167,7.53,0.64,-0.7
1,1544074760168,9.04,0.19,-1.38
1,1544074760169,10.42,-0.95,-1.95
1,1544074760170,11.87,-2.32,-1.69
1,1544074760170,13.16,-3.45,-0.74
1,1544074760171,15.97,-3.9,1.67
1,1544074760234,17.07,-2.96,1.6
1,1544074760235,17.44,-1.4,1.23
1,1544074760235,16.58,-0.03,0.15
1,1544074760235,13.41,-0.58,-1.56
1,1544074760235,12.89,-2.01,-1.15
1,1544074760236,12.94,-2.92,-0.13
1,1544074760236,13.18,-3.37,0.97
1,1544074760236,13.71,-2.22,1.73
1,1544074760282,13.88,-1.13,0.97
1,1544074760282,14.29,-0.35,0.25
1,1544074760363,15.15,-0.37,0.31
1,1544074760364,17.12,-2.03,2.1
1,1544074760364,17.89,-3.45,2.53
1,1544074760365,18.55,-4.49,3.88
1,1544074760365,18.84,-5.19,5.44
1,1544074760365,19.08,-5.62,6.89
1,1544074760366,18.59,-9.74,-8.32
1,1544074760366,31.67,-5.68,-9.35
1,1544074760431,37.51,21.77,9.86
1,1544074760432,22.12,30.33,58.45
1,1544074760439,44.23,22.55,11.5
1,1544074760440,7.05,14.04,18.28
1,1544074760440,-7.24,3.28,1.79
1,1544074760440,-9.02,3.22,-1.73
1,1544074760440,-2.05,6.13,-4.27
1,1544074760441,7.32,8.22,-5.6
1,1544074760590,9.58,7.63,-4.31
1,1544074760592,9.25,5.62,2.28
1,1544074760593,10.85,6.03,2.51
1,1544074760594,11.19,5.66,1.58
1,1544074760595,11.5,1.46,1.09
1,1544074760660,11.95,-0.5,2.3
1,1544074760661,10.99,0.21,3.57
1,1544074760688,8.98,0.54,4.04
1,1544074760689,4.84,2.01,4.23
1,1544074760689,10.8,-0.27,0.39
1,1544074760690,10.05,-2.51,-0.15
1,1544074760690,11.17,-1.91,0.5
1,1544074760735,12.22,0.17,-0.66
1,1544074760736,11.26,2.1,-0.13
1,1544074760737,11.03,3.76,-0.58
1,1544074760737,10.83,1.38,-0.41
1,1544074760738,11.09,0.5,-1.13
1,1544074760738,10.87,0.25,-0.54
1,1544074760739,10.07,-0.31,0.99
1,1544074760739,8.59,-1.95,1.83
1,1544074760807,8.73,-3.02,-0.62
1,1544074760823,9.06,-4.16,-0.87
1,1544074760824,9.47,-4.06,0.05
1,1544074760824,9.23,-3.8,-0.74
1,1544074760824,9.33,-1.58,2.28
1,1544074760824,9.86,1.66,3.12
1,1544074760825,10.64,4.39,2.03
1,1544074760825,10.48,3.82,-0.6
1,1544074760966,10.74,-0.89,-0.6
1,1544074760967,11.09,-1.23,1.32
1,1544074760968,10.15,-0.93,1.81
1,1544074760968,9.16,0.46,2.73
1,1544074760969,11.26,6.83,1.46
1,1544074761038,10.21,6.6,0.8
1,1544074761039,8.78,4.37,2.12
1,1544074761040,8.41,1.56,2.32
1,1544074761041,9.82,-0.23,1.44
1,1544074761042,10.35,0.82,0.11
1,1544074761042,8.65,-2.94,2.89
1,1544074761043,9.53,0.19,1.09
1,1544074761044,8.94,1.25,-0.5
1,1544074761216,9.31,2.81,0.0
1,1544074761217,11.25,3.55,1.46
1,1544074761218,10.83,3.32,0.93
1,1544074761219,10.09,1.3,0.58
1,1544074761220,10.11,-0.09,-0.25
1,1544074761261,10.6,-0.89,-0.52
1,1544074761263,10.64,-1.48,-0.46
1,1544074761278,9.7,-2.51,0.03
1,1544074761280,10.21,-1.97,0.39
1,1544074761280,10.6,-1.17,0.6
1,1544074761281,9.6,0.6,0.52
1,1544074761282,9.68,0.99,0.7
1,1544074761283,9.88,1.69,1.05
1,1544074761334,10.23,2.05,1.56
1,1544074761335,9.29,0.52,1.5
1,1544074761336,9.14,1.05,1.36
1,1544074761336,9.08,1.73,1.77
1,1544074761337,8.82,1.95,2.38
1,1544074761337,9.33,2.96,2.81
1,1544074761338,9.8,4.06,3.49
1,1544074761344,10.33,5.39,3.65
1,1544074761408,10.91,6.23,2.67
1,1544074761410,11.15,4.51,2.16
1,1544074761411,11.03,1.34,-0.01
1,1544074761412,11.11,0.72,0.62
1,1544074761413,11.89,2.87,2.14
1,1544074761415,12.07,4.9,1.71
1,1544074761416,12.12,6.75,2.5
1,1544074761417,13.12,7.24,3.76
1,1544074761488,13.73,7.05,4.14
1,1544074761490,15.89,7.65,12.01
1,1544074761491,15.7,-1.73,12.71
1,1544074761492,16.3,-4.25,6.3
1,1544074761493,19.53,-9.47,5.52
1,1544074761494,20.83,-10.37,12.42
1,1544074761495,24.86,-7.48,6.87
1,1544074761496,25.09,-3.04,3.06
1,1544074761560,22.92,-0.39,3.55
1,1544074761563,20.15,-1.48,6.44
1,1544074761579,17.22,-11.67,-4.92
1,1544074761580,18.24,-14.74,-9.98
1,1544074761580,17.01,-16.69,-14.35
1,1544074761580,16.11,-19.96,-16.21
1,1544074761581,19.41,-24.53,-13.88
1,1544074761581,24.12,-21.85,-5.85
1,1544074761633,22.98,-16.83,-5.7
1,1544074761634,20.37,-10.74,-4.66
1,1544074761634,17.59,-6.05,-3.67
1,1544074761713,15.97,-1.3,-3.53
1,1544074761715,16.87,-0.13,-2.85
1,1544074761717,17.63,-0.93,-2.12
1,1544074761718,17.92,-2.4,-1.07
1,1544074761720,19.29,-3.39,0.35
1,1544074761721,19.84,-2.73,0.82
1,1544074761722,20.03,-1.56,0.99
1,1544074761724,19.43,-0.46,1.05
1,1544074761861,18.39,0.33,1.09
1,1544074761864,15.56,1.13,1.54
1,1544074761864,12.96,1.38,2.1
1,1544074761865,11.62,1.34,2.53
1,1544074761866,8.41,0.6,4.86
1,1544074761936,6.97,0.41,5.56
1,1544074761951,5.97,-0.01,5.6
1,1544074761952,5.58,-0.52,5.19
1,1544074761953,5.8,-1.25,3.61
1,1544074761953,5.48,-0.8,2.51
1,1544074761954,0.19,3.57,2.3
1,1544074761955,0.29,3.0,2.3
1,1544074761955,0.52,2.55,2.28
1,1544074762007,0.99,2.51,2.26
1,1544074762008,0.78,3.47,1.34
1,1544074762083,1.13,3.98,0.87
1,1544074762159,1.44,4.37,0.27
1,1544074762160,1.73,4.84,-0.15
1,1544074762161,1.99,5.37,-0.37
1,1544074762161,2.69,6.46,-0.44
1,1544074762162,3.32,6.93,-0.33
1,1544074762163,4.23,7.24,-0.09
1,1544074762163,5.37,7.28,0.13
1,1544074762164,7.87,7.1,0.7
1,1544074762235,13.43,4.98,2.89
1,1544074762254,12.07,-1.52,2.38
1,1544074762255,11.64,-2.07,2.34
1,1544074762256,11.34,-2.46,2.32
1,1544074762256,10.27,-2.36,2.3
1,1544074762257,9.37,-2.22,2.28
1,1544074762257,8.18,-2.34,2.12
1,1544074762258,6.79,-2.57,1.89
1,1544074762311,4.39,-3.35,1.38
1,1544074762312,3.26,-3.39,1.07
1,1544074762312,2.34,-3.02,0.87
1,1544074762312,1.46,-2.3,0.85
1,1544074762313,0.33,-1.19,0.17
1,1544074762313,0.23,-1.15,-0.23
1,1544074762338,0.15,-1.44,-0.76
1,1544074762339,0.11,-1.87,-1.15
1,1544074762388,0.03,-2.65,-1.52
1,1544074762388,0.01,-4.66,-0.95
1,1544074762389,0.23,-5.09,-0.42
1,1544074762402,0.5,-5.54,-0.07
1,1544074762403,0.95,-6.01,0.13
1,1544074762403,2.22,-6.36,-0.07
1,1544074762403,2.98,-5.7,-0.11
1,1544074762404,4.0,-4.49,-0.21
1,1544074762457,5.13,-3.14,-0.27
1,1544074762459,7.42,-0.91,-0.54
1,1544074762460,8.61,-0.27,-0.72
1,1544074762460,9.57,0.09,-0.91
1,1544074762460,10.25,0.23,-1.03
1,1544074762461,11.11,0.09,-0.85
1,1544074762461,14.16,-0.48,-0.05
1,1544074762461,16.07,-0.93,0.44
1,1544074762534,17.83,-1.48,0.87
1,1544074762534,19.37,-2.44,0.87
1,1544074762535,20.39,-4.31,1.66
1,1544074762535,18.75,-4.7,1.79
1,1544074762535,16.4,-4.57,1.21
1,1544074762536,14.6,-3.78,0.21
1,1544074762536,13.96,-2.67,-0.52
1,1544074762612,13.96,-1.58,0.87
1,1544074762613,14.17,0.07,1.54
1,1544074762614,14.88,0.76,0.58
1,1544074762614,16.95,1.26,-0.25
1,1544074762615,17.92,0.09,0.66
1,1544074762615,18.53,-2.3,2.34
1,1544074762616,18.67,-5.7,2.83
1,1544074762616,18.98,-13.61,-2.34
1,1544074762684,24.9,-19.98,-5.19
1,1544074762684,35.76,-5.23,18.69
1,1544074762685,26.01,9.58,67.89
1,1544074762685,22.24,-9.37,31.11
1,1544074762704,57.89,31.79,-10.0
1,1544074762705,37.1,32.16,10.7
1,1544074762705,11.71,12.89,16.23
1,1544074762706,0.17,0.58,12.2
1,1544074762768,-0.27,2.46,2.57
1,1544074762769,1.17,7.51,-0.85
1,1544074762769,4.27,11.67,-0.29
1,1544074762770,3.47,12.14,3.37
1,1544074762770,5.58,7.79,1.54
1,1544074762770,6.6,7.65,-7.81
1,1544074762771,8.98,8.65,-14.8
1,1544074762833,12.2,11.54,-5.58
1,1544074762834,10.09,0.54,-1.56
1,1544074762834,12.38,-2.12,0.09
1,1544074762834,15.33,-2.46,1.03
1,1544074762856,14.17,-2.65,2.22
1,1544074762856,11.34,-4.49,3.18
1,1544074762856,5.72,-3.8,4.66
1,1544074762857,5.62,-0.78,4.76
1,1544074762912,6.32,2.03,3.63
1,1544074762914,7.2,4.04,2.79
1,1544074762915,6.44,3.41,1.54
1,1544074762917,5.83,1.75,2.77
1,1544074762918,6.67,0.42,4.02
1,1544074762918,7.57,-0.05,3.18
1,1544074762919,10.09,1.03,3.47
1,1544074763062,10.5,0.54,3.04
1,1544074763079,10.91,-0.7,1.34
1,1544074763080,10.78,-1.97,0.31
1,1544074763081,10.78,0.78,0.89
1,1544074763081,10.95,1.93,-1.19
1,1544074763134,10.6,2.85,-1.79
1,1544074763135,11.03,3.16,-1.46
1,1544074763135,11.05,1.5,-1.01
1,1544074763136,10.99,-0.97,0.09
1,1544074763157,11.26,-0.97,-0.23
1,1544074763157,11.75,-2.08,0.17
1,1544074763158,10.31,1.11,0.41
1,1544074763158,8.2,1.15,2.14
1,1544074763209,7.16,0.33,2.77
1,1544074763210,11.81,-0.54,-2.81
1,1544074763210,10.68,-0.31,1.23
1,1544074763210,8.96,-0.39,1.66
1,1544074763224,8.9,-0.72,3.35
1,1544074763224,10.0,-1.52,3.82
1,1544074763224,11.44,-0.83,2.65
1,1544074763225,8.96,-1.15,1.62
1,1544074763282,7.75,-0.89,2.07
1,1544074763283,8.61,0.62,1.05
1,1544074763291,10.58,3.14,0.8
1,1544074763291,9.68,4.53,2.38
1,1544074763292,9.64,3.26,2.89
1,1544074763292,10.37,1.54,3.45
1,1544074763292,10.44,0.46,3.51
1,1544074763292,9.55,2.4,2.1
1,1544074763362,9.31,3.43,0.99
1,1544074763364,8.71,2.98,1.23
1,1544074763364,9.14,1.44,0.95
1,1544074763365,10.0,0.46,1.75
1,1544074763365,11.11,0.56,2.3
1,1544074763366,10.19,0.82,2.51
1,1544074763367,9.62,0.74,2.48
1,1544074763367,9.74,0.54,2.26
1,1544074763434,9.78,0.27,1.26
1,1544074763434,9.66,0.0,0.93
1,1544074763434,9.62,-0.66,0.6
1,1544074763435,9.92,-1.17,0.23
1,1544074763435,10.78,-1.34,0.0
1,1544074763435,10.42,-1.83,0.11
1,1544074763436,10.39,-2.26,0.03
1,1544074763436,10.78,-1.77,0.11
1,1544074763508,10.37,0.31,0.19
1,1544074763508,9.66,0.29,0.23
1,1544074763508,9.25,0.05,0.41
1,1544074763509,9.31,-0.03,0.11
1,1544074763509,9.86,-0.44,0.0
1,1544074763531,9.86,-1.52,1.46
1,1544074763532,9.55,-1.73,1.48
1,1544074763586,9.57,-0.93,1.19
1,1544074763588,9.74,0.21,0.8
1,1544074763589,10.0,0.03,0.83
1,1544074763590,10.11,0.54,1.11
1,1544074763591,9.92,0.87,1.3
1,1544074763592,9.98,0.58,1.01
1,1544074763593,9.72,-0.39,1.58
1,1544074763594,9.41,-1.13,1.11
1,1544074763658,9.19,-1.46,1.28
1,1544074763659,9.45,-0.89,1.67
1,1544074763677,10.0,0.99,1.62
1,1544074763678,9.49,1.36,2.59
1,1544074763678,8.86,1.34,3.35
1,1544074763678,8.92,1.54,2.46
1,1544074763678,9.43,2.32,2.59
1,1544074763746,9.76,3.22,2.51
1,1544074763747,10.0,2.42,2.08
1,1544074763747,10.31,1.69,2.5
1,1544074763748,10.93,1.79,2.59
1,1544074763748,11.36,3.16,1.75
1,1544074763749,10.5,2.4,1.75
1,1544074763750,9.9,1.21,1.67
1,1544074763750,10.41,0.72,2.3
1,1544074763813,12.2,1.36,2.79
1,1544074763814,12.34,3.84,3.04
1,1544074763814,12.85,7.38,5.76
1,1544074763814,9.51,5.15,1.54
1,1544074763829,12.08,4.31,3.0
1,1544074763832,11.91,-0.64,1.97
1,1544074763833,13.3,-6.71,4.76
1,1544074763834,14.25,-11.03,5.89
1,1544074763884,17.67,-12.67,5.68
1,1544074763885,21.25,-5.76,9.6
1,1544074763885,22.32,-0.07,10.09
1,1544074763885,21.54,2.73,10.0
1,1544074763886,20.17,1.79,10.54
1,1544074763887,18.94,-4.53,12.28
1,1544074763897,18.35,-6.09,8.32
1,1544074763960,17.05,-8.12,-0.89
1,1544074763961,17.12,-10.64,-7.01
1,1544074763961,17.44,-13.57,-11.62
1,1544074763962,18.08,-15.64,-10.58
1,1544074763963,18.9,-16.52,-7.91
1,1544074763963,18.26,-15.05,-6.23
1,1544074763965,16.71,-11.87,-4.78
1,1544074763965,14.25,-5.09,-3.14
1,1544074764035,13.33,-3.35,-3.02
1,1544074764036,13.41,-2.81,-3.12
1,1544074764036,14.23,-3.39,-3.45
1,1544074764036,16.46,-6.15,-2.16
1,1544074764037,17.3,-6.54,-0.95
1,1544074764037,17.81,-6.03,-0.13
1,1544074764037,17.77,-4.74,0.35
1,1544074764037,16.34,-1.4,0.48
1,1544074764112,15.35,0.09,0.41
1,1544074764113,14.41,0.93,0.39
1,1544074764114,13.69,1.66,0.46
1,1544074764116,13.04,1.97,0.64
1,1544074764116,11.79,1.99,1.36
1,1544074764117,11.09,1.83,1.58
1,1544074764118,10.39,1.79,1.75
1,1544074764185,9.72,1.73,1.87
1,1544074764186,8.3,1.4,2.2
1,1544074764186,7.51,1.23,2.4
1,1544074764187,6.48,0.97,2.73
1,1544074764203,5.5,0.72,3.14
1,1544074764204,3.59,0.41,2.75
1,1544074764205,3.41,0.27,2.42
1,1544074764206,3.37,0.23,2.3
1,1544074764259,3.28,0.21,2.24
1,1544074764281,2.69,0.56,1.85
1,1544074764282,2.22,0.78,1.79
1,1544074764282,1.56,1.17,1.89
1,1544074764282,1.01,1.52,2.1
1,1544074764282,0.58,1.66,2.28
1,1544074764283,0.42,1.52,2.48
1,1544074764336,0.64,1.34,2.61
1,1544074764336,1.01,1.07,2.83
1,1544074764357,1.44,0.85,3.02
1,1544074764358,2.24,0.74,3.3
1,1544074764359,2.53,0.8,3.3
1,1544074764359,2.79,0.85,3.2
1,1544074764360,3.12,0.87,2.94
1,1544074764360,3.76,0.76,2.38
1,1544074764409,4.06,0.76,2.32
1,1544074764410,4.37,0.83,2.3
1,1544074764410,4.7,1.03,2.16
1,1544074764411,5.48,2.01,1.91
1,1544074764435,6.07,2.96,1.97
1,1544074764436,6.81,4.08,1.97
1,1544074764436,7.57,5.31,2.01
1,1544074764436,8.28,6.5,2.05
1,1544074764485,9.14,8.0,2.26
1,1544074764506,9.43,7.98,2.32
1,1544074764506,9.76,7.55,2.32
1,1544074764506,10.03,6.85,2.34
1,1544074764507,10.64,5.37,2.65
1,1544074764507,10.82,4.68,2.73
1,1544074764507,10.83,4.04,2.63
1,1544074764559,10.72,3.53,2.59
1,1544074764560,10.25,2.71,2.34
1,1544074764573,10.13,2.28,2.3
1,1544074764574,10.03,1.89,2.14
1,1544074764574,10.0,1.44,1.91
1,1544074764574,10.01,1.07,1.67
1,1544074764574,10.05,0.54,1.34
1,1544074764574,10.03,0.46,1.25
1,1544074764634,9.94,0.17,1.19
1,1544074764662,9.74,-0.03,1.11
1,1544074764663,9.08,-0.29,0.8
1,1544074764663,8.49,-0.37,0.58
1,1544074764664,7.91,-0.52,0.48
1,1544074764665,7.44,-0.62,0.39
1,1544074764665,6.38,-0.62,0.09
1,1544074764727,5.83,-0.89,-0.29
1,1544074764728,5.37,-1.36,-0.48
1,1544074764728,5.05,-1.66,-0.6
1,1544074764729,4.6,-1.52,-0.37
1,1544074764729,4.47,-1.09,0.13
1,1544074764729,4.29,-0.97,0.7
1,1544074764730,4.17,-1.15,0.97
1,1544074764730,3.82,-1.5,0.76
1,1544074764784,2.32,-2.48,-0.39
1,1544074764802,1.01,-3.06,-0.76
1,1544074764802,-0.19,-3.37,-0.87
1,1544074764803,-1.62,-3.35,-0.68
1,1544074764803,-2.85,-2.44,-0.39
1,1544074764803,-2.34,-2.03,-0.44
1,1544074764803,-1.11,-1.83,-0.58
1,1544074764803,0.21,-1.71,-0.7
1,1544074764859,1.97,-1.36,-0.37
1,1544074764875,2.36,-0.99,0.13
1,1544074764875,2.65,-0.8,0.07
1,1544074764876,3.16,-0.7,-0.41
1,1544074764876,3.75,-0.6,-1.19
1,1544074764876,5.76,-0.13,-1.34
1,1544074764876,7.16,0.17,-0.76
1,1544074764931,8.59,0.15,-0.42
1,1544074764932,9.84,-0.35,-0.56
1,1544074764933,12.79,-1.79,-0.48
1,1544074764933,14.9,-2.34,-0.23
1,1544074764933,17.08,-2.85,0.29
1,1544074764933,19.14,-3.1,0.7
1,1544074764969,19.51,-3.53,-0.35
1,1544074764970,17.1,-4.23,-0.99
1,1544074765009,14.64,-4.27,-0.72
1,1544074765010,13.2,-3.53,0.29
1,1544074765011,12.01,-2.08,1.3
1,1544074765011,12.03,-1.97,1.15
1,1544074765012,12.14,-2.05,0.8
1,1544074765012,12.79,-2.1,1.01
1,1544074765013,13.92,-1.99,1.66
1,1544074765086,16.77,-2.01,3.02
1,1544074765087,17.59,-2.16,4.06
1,1544074765088,18.08,-3.18,5.91
1,1544074765089,18.37,-4.33,8.8
1,1544074765090,20.15,-13.47,-6.85
1,1544074765091,34.21,4.02,2.63
1,1544074765092,34.6,33.47,52.77
1,1544074765093,30.72,11.97,47.53
1,1544074765168,58.35,13.53,-6.97
1,1544074765169,44.92,17.05,1.21
1,1544074765169,16.23,7.57,9.33
1,1544074765169,1.32,-0.5,8.96
1,1544074765170,-4.08,-4.17,-1.21
1,1544074765170,0.03,0.6,-4.86
1,1544074765170,6.69,6.28,-4.84
1,1544074765170,7.87,8.82,-2.1
1,1544074765234,7.1,9.06,1.3
1,1544074765256,6.87,8.8,2.63
1,1544074765256,8.0,10.42,0.68
1,1544074765257,9.0,11.17,0.85
1,1544074765257,7.96,6.99,0.8
1,1544074765257,10.29,-1.87,-0.29
1,1544074765257,11.91,-2.32,2.16
1,1544074765306,12.89,-2.51,3.12
1,1544074765319,12.3,-2.51,3.32
1,1544074765320,7.94,3.65,1.44
1,1544074765320,7.26,7.89,0.8
1,1544074765320,6.28,9.45,1.3
1,1544074765320,5.6,6.26,1.97
1,1544074765321,5.5,0.78,3.88
1,1544074765321,7.38,-5.48,4.98
1,1544074765384,7.85,-4.68,4.8
1,1544074765386,7.91,-2.32,4.78
1,1544074765387,7.94,0.0,4.1
1,1544074765388,9.8,0.15,3.04
1,1544074765388,11.01,-0.8,3.43
1,1544074765390,12.18,0.11,3.41
1,1544074765391,11.91,1.28,0.6
1,1544074765392,10.17,2.73,-2.4
1,1544074765461,10.8,2.24,-3.33
1,1544074765463,11.07,2.1,-3.35
1,1544074765464,11.05,3.22,-2.65
1,1544074765465,11.17,7.98,2.92
1,1544074765465,10.31,6.21,2.69
1,1544074765466,9.66,2.4,3.37
1,1544074765467,9.57,-1.71,3.24
1,1544074765536,10.05,-5.41,-0.37
1,1544074765560,11.58,-4.37,-0.76
1,1544074765561,9.25,-3.41,-0.97
1,1544074765562,7.53,-1.64,1.28
1,1544074765563,7.24,0.37,3.26
1,1544074765563,10.17,-0.39,1.25
1,1544074765564,9.55,-4.27,0.21
1,1544074765565,8.88,-8.32,-0.17
1,1544074765613,10.0,-9.76,-1.19
1,1544074765614,11.95,-4.04,-2.59
1,1544074765615,10.19,-1.44,-1.62
1,1544074765615,8.37,0.85,4.45
1,1544074765616,9.16,4.57,6.81
1,1544074765616,10.25,6.77,3.67
1,1544074765617,11.77,7.07,1.5
1,1544074765685,11.54,7.14,-0.13
1,1544074765686,10.11,6.23,0.31
1,1544074765686,9.58,4.64,0.89
1,1544074765687,12.38,5.95,0.42
1,1544074765687,10.33,2.26,1.48
1,1544074765688,8.45,-2.83,2.26
1,1544074765689,7.34,-7.44,2.07
1,1544074765690,7.53,-9.53,2.83
1,1544074765762,9.19,-7.03,2.65
1,1544074765764,10.0,-3.57,2.12
1,1544074765764,9.47,-2.07,1.64
1,1544074765765,10.13,2.85,3.69
1,1544074765766,9.9,3.94,0.99
1,1544074765767,9.43,3.06,0.87
1,1544074765768,9.8,2.73,2.07
1,1544074765835,10.29,3.06,1.28
1,1544074765843,9.74,2.96,0.97
1,1544074765844,9.21,2.63,1.87
1,1544074765844,9.35,2.71,2.1
1,1544074765845,9.53,2.61,1.5
1,1544074765845,9.57,0.39,1.79
1,1544074765846,9.88,-0.44,1.99
1,1544074765846,10.56,-0.74,1.03
1,1544074765913,10.62,-1.21,-0.58
1,1544074765915,11.42,-0.74,-1.52
1,1544074765916,10.62,-0.95,-0.87
1,1544074765917,9.62,-2.89,-0.52
1,1544074765918,9.94,-4.23,0.01
1,1544074765918,11.52,-3.49,0.72
1,1544074765920,10.95,-2.91,0.5
1,1544074765920,9.55,-2.69,1.05
1,1544074765985,9.08,-1.42,1.66
1,1544074765986,9.25,0.82,1.11
1,1544074765986,9.39,2.73,-0.6
1,1544074765986,9.41,1.42,0.01
1,1544074765994,9.62,-0.56,0.37
1,1544074765995,9.78,-2.67,0.56
1,1544074765996,10.39,-2.69,0.95
1,1544074766059,10.15,-1.46,0.54
1,1544074766060,9.8,-0.05,0.6
1,1544074766060,9.82,0.97,0.29
1,1544074766061,9.6,2.44,0.62
1,1544074766061,9.51,0.09,1.13
1,1544074766062,9.96,-0.42,1.4
1,1544074766063,10.11,-0.5,1.71
1,1544074766063,10.17,-0.87,1.32
1,1544074766135,10.17,-0.27,1.79
1,1544074766138,10.58,0.78,1.64
1,1544074766140,10.54,1.77,1.07
1,1544074766141,10.19,2.34,0.42
1,1544074766143,9.29,3.35,0.42
1,1544074766145,9.14,3.32,1.77
1,1544074766147,9.45,3.67,3.37
1,1544074766148,10.01,3.47,3.28
1,1544074766211,10.27,1.52,2.16
1,1544074766231,9.78,0.87,0.25
1,1544074766232,8.75,-0.21,-0.03
1,1544074766233,8.57,-1.95,-0.27
1,1544074766233,10.56,-0.23,0.46
1,1544074766234,10.8,0.58,0.78
1,1544074766234,10.7,0.21,1.13
1,1544074766286,10.33,-1.03,1.42
1,1544074766287,10.58,-4.14,1.34
1,1544074766288,10.66,-3.16,1.91
1,1544074766288,10.89,-0.72,1.05
1,1544074766289,10.83,1.03,0.13
1,1544074766290,10.27,2.01,-0.07
1,1544074766291,9.94,2.92,1.44
1,1544074766292,9.8,3.2,2.24
1,1544074766362,10.01,3.43,2.65
1,1544074766364,10.35,3.73,2.77
1,1544074766365,11.36,4.62,3.86
1,1544074766366,10.72,3.45,-1.81
1,1544074766367,15.23,7.05,5.64
1,1544074766368,18.04,8.22,5.15
1,1544074766370,16.38,-1.26,7.07
1,1544074766372,18.06,-1.15,7.34
1,1544074766432,17.87,-0.05,6.95
1,1544074766517,16.48,1.23,8.69
1,1544074766518,14.14,0.15,9.64
1,1544074766518,13.39,-4.43,8.98
1,1544074766519,12.2,-7.36,4.14
1,1544074766519,12.01,-9.64,-1.11
1,1544074766520,12.38,-10.64,-4.64
1,1544074766520,12.71,-13.76,-9.55
1,1544074766521,14.96,-16.26,-12.71
1,1544074766587,17.07,-18.57,-13.92
1,1544074766591,17.85,-19.16,-14.6
1,1544074766592,20.44,-9.53,-6.46
1,1544074766593,20.05,-6.4,-6.05
1,1544074766594,21.07,-5.25,-5.33
1,1544074766595,22.5,-4.25,-4.19
1,1544074766596,23.43,-3.96,-3.45
1,1544074766597,23.84,-4.1,-3.02
1,1544074766658,25.21,-4.45,-2.3
1,1544074766670,27.22,-3.51,-1.23
1,1544074766671,27.05,-2.5,-0.5
1,1544074766671,24.33,-1.44,1.03
1,1544074766671,23.06,-1.4,2.14
1,1544074766672,22.61,-0.66,2.98
1,1544074766672,21.75,0.25,3.18
1,1544074766672,19.66,1.26,3.14
1,1544074766734,18.32,2.07,3.76
1,1544074766735,16.38,2.55,5.01
1,1544074766735,13.51,2.53,6.83
1,1544074766735,7.77,1.28,8.1
1,1544074766754,6.07,0.44,7.34
1,1544074766755,5.33,-0.8,6.23
1,1544074766756,5.35,-2.07,5.27
1,1544074766757,5.91,-2.53,5.11
1,1544074766817,5.8,-1.21,5.89
1,1544074766818,4.7,0.31,6.42
1,1544074766833,3.1,1.77,6.38
1,1544074766834,1.75,3.67,5.82
1,1544074766834,0.76,6.67,4.74
1,1544074766834,0.68,7.22,4.49
1,1544074766834,0.8,6.83,4.6
1,1544074766835,0.85,5.83,4.64
1,1544074766884,1.15,3.49,5.09
1,1544074766885,1.21,2.73,5.23
1,1544074766905,1.13,2.08,5.23
1,1544074766905,0.89,1.58,4.8
1,1544074766906,0.6,1.34,4.31
1,1544074766906,0.27,1.5,3.47
1,1544074766907,0.25,1.66,2.92
1,1544074766907,0.25,1.67,2.42
1,1544074766980,0.23,1.62,2.22
1,1544074766980,0.31,1.46,1.66
1,1544074766981,0.56,1.36,1.36
1,1544074766981,1.01,1.28,1.28
1,1544074766981,1.48,1.26,1.23
1,1544074766982,2.36,1.19,0.83
1,1544074766983,2.75,1.21,0.48
1,1544074767032,3.26,1.38,0.19
1,1544074767051,3.82,1.79,-0.31
1,1544074767051,5.09,2.79,-1.64
1,1544074767051,5.83,3.41,-2.32
1,1544074767052,6.91,4.06,-2.81
1,1544074767052,8.2,4.78,-2.91
1,1544074767052,9.68,5.44,-2.73
1,1544074767052,13.26,6.07,-1.99
1,1544074767109,15.29,6.05,-1.38
1,1544074767110,17.36,5.78,-0.8
1,1544074767110,19.58,5.41,0.15
1,1544074767111,21.28,4.37,2.14
1,1544074767111,19.76,3.84,2.55
1,1544074767111,17.38,3.43,3.06
1,1544074767118,15.07,3.06,3.32
1,1544074767118,11.83,2.53,3.3
1,1544074767266,10.83,2.12,2.94
1,1544074767268,10.13,1.5,2.61
1,1544074767268,9.76,0.87,2.32
1,1544074767269,9.8,0.48,2.22
1,1544074767271,10.31,-0.54,1.75
1,1544074767344,10.76,-1.25,1.83
1,1544074767344,10.93,-2.01,1.99
1,1544074767344,10.91,-2.87,2.24
1,1544074767344,10.15,-4.29,2.34
1,1544074767345,5.01,0.56,1.36
1,1544074767345,3.78,-0.01,0.31
1,1544074767345,3.32,-1.15,0.35
1,1544074767345,2.94,-2.24,0.87
1,1544074767409,2.67,-3.14,1.58
1,1544074767410,2.16,-4.0,1.95
1,1544074767412,2.01,-3.84,1.93
1,1544074767413,2.01,-4.0,1.85
1,1544074767415,2.65,-4.51,1.69
1,1544074767416,3.08,-4.53,1.71
1,1544074767416,3.51,-4.27,1.73
1,1544074767416,4.06,-3.88,1.73
1,1544074767486,5.37,-2.4,1.6
1,1544074767487,6.05,-1.75,1.36
1,1544074767488,6.56,-1.32,0.99
1,1544074767488,6.87,-1.13,0.58
1,1544074767489,6.93,-1.81,-0.15
1,1544074767490,6.83,-2.24,0.03
1,1544074767507,6.89,-2.32,0.6
1,1544074767508,7.03,-2.05,1.36
1,1544074767568,7.07,-1.77,1.81
1,1544074767568,7.94,-1.71,1.42
1,1544074767569,8.84,-1.67,1.09
1,1544074767569,9.39,-1.56,0.91
1,1544074767569,9.68,-1.32,1.05
1,1544074767569,10.03,-0.89,1.5
1,1544074767570,10.05,-0.27,1.3
1,1544074767570,10.01,0.52,1.03
1,1544074767634,10.21,1.25,0.72
1,1544074767634,12.24,1.38,0.0
1,1544074767635,14.04,0.99,0.54
1,1544074767660,15.74,0.72,1.38
1,1544074767661,17.16,0.41,1.91
1,1544074767662,17.94,-1.75,2.1
1,1544074767662,17.26,-2.69,2.08
1,1544074767663,16.48,-3.55,2.2
1,1544074767712,16.09,-3.57,2.63
1,1544074767714,16.05,-3.35,2.96
1,1544074767715,17.12,-4.08,2.59
1,1544074767716,18.78,-2.94,3.69
1,1544074767718,16.17,-6.66,-8.26
1,1544074767719,25.35,0.03,-12.26
1,1544074767720,21.81,33.92,66.73
1,1544074767782,39.31,8.47,12.71
1,1544074767791,61.91,19.19,-20.46
1,1544074767792,53.22,26.48,-5.91
1,1544074767793,3.28,5.11,13.55
1,1544074767794,-3.55,0.19,8.69
1,1544074767795,-7.55,-1.99,1.6
1,1544074767796,-7.65,0.25,-4.33
1,1544074767797,2.48,8.3,-5.74
1,1544074767859,6.79,12.4,-3.14
1,1544074767860,6.21,6.75,-2.65
1,1544074767874,7.55,2.34,-0.17
1,1544074767874,9.94,0.83,2.61
1,1544074767874,13.76,-0.54,2.38
1,1544074767875,14.7,-0.25,2.14
1,1544074767875,14.9,-0.15,1.83
1,1544074767875,14.12,-0.03,3.32
1,1544074767934,9.94,0.0,4.58
1,1544074767935,6.93,1.83,4.47
1,1544074767937,6.21,4.62,3.32
1,1544074767938,6.03,7.28,1.52
1,1544074767939,5.37,8.37,-1.17
1,1544074767941,4.76,5.74,-0.72
1,1544074767944,5.19,2.63,-0.23
1,1544074768009,6.23,0.93,-0.11
1,1544074768025,7.08,1.32,1.3
1,1544074768026,6.69,1.28,2.36
1,1544074768026,6.36,0.89,2.87
1,1544074768026,7.51,2.18,4.14
1,1544074768026,10.01,3.22,3.49
1,1544074768027,13.14,3.9,6.09
1,1544074768027,13.33,2.14,4.43
1,1544074768088,11.69,-1.34,1.67
1,1544074768090,10.23,-3.75,0.39
1,1544074768092,9.08,-3.22,-2.98
1,1544074768093,9.82,-0.25,-4.06
1,1544074768094,10.52,3.61,-2.81
1,1544074768095,10.64,6.6,-0.25
1,1544074768095,10.72,6.03,0.82
1,1544074768096,10.91,5.42,1.97
1,1544074768158,10.42,3.88,2.57
1,1544074768160,10.68,2.53,1.83
1,1544074768160,11.15,0.89,0.01
1,1544074768161,10.87,-0.07,0.21
1,1544074768161,10.62,-1.46,-0.7
1,1544074768162,9.6,-3.26,-0.52
1,1544074768163,8.32,-4.66,1.38
1,1544074768231,10.37,-3.33,-0.13
1,1544074768232,10.95,-0.46,0.15
1,1544074768233,9.27,1.38,0.52
1,1544074768233,7.87,2.38,-0.03
1,1544074768234,8.78,1.93,0.23
1,1544074768234,11.19,3.0,0.0
1,1544074768234,11.38,2.94,0.99
1,1544074768234,9.86,1.58,2.12
1,1544074768308,11.09,5.25,1.28
1,1544074768309,10.76,6.89,1.81
1,1544074768310,10.01,5.27,2.01
1,1544074768312,9.92,2.05,1.38
1,1544074768340,10.46,-0.01,0.62
1,1544074768341,8.75,-3.02,0.13
1,1544074768342,8.63,-4.53,-0.46
1,1544074768385,9.94,-3.06,-0.17
1,1544074768386,10.33,0.0,0.05
1,1544074768386,9.1,3.84,1.48
1,1544074768395,8.53,3.84,2.85
1,1544074768395,8.9,2.67,3.57
1,1544074768395,9.62,1.83,3.9
1,1544074768396,9.51,2.69,2.67
1,1544074768396,9.06,2.67,1.32
1,1544074768466,9.16,2.22,0.29
1,1544074768467,9.6,1.95,0.01
1,1544074768467,9.43,1.19,0.62
1,1544074768467,9.9,1.87,1.54
1,1544074768467,10.62,2.3,1.4
1,1544074768467,10.31,2.08,1.3
1,1544074768468,9.82,1.52,1.28
1,1544074768468,9.98,0.7,0.52
1,1544074768532,10.35,0.39,-0.19
1,1544074768611,10.19,-0.44,-0.31
1,1544074768612,9.66,-1.73,-0.27
1,1544074768612,10.89,-2.05,-0.5
1,1544074768612,11.25,-1.28,-0.39
1,1544074768613,10.72,-0.46,0.48
1,1544074768613,10.56,0.46,1.01
1,1544074768613,9.47,-0.19,0.48
1,1544074768614,9.74,-0.93,-0.15
1,1544074768686,9.8,-1.48,-0.48
1,1544074768686,9.51,0.66,0.42
1,1544074768687,9.35,0.54,0.89
1,1544074768687,9.62,1.19,0.66
1,1544074768688,9.17,1.03,0.19
1,1544074768688,9.29,0.54,-0.03
1,1544074768688,9.47,0.39,0.82
1,1544074768689,10.15,1.79,1.5
1,1544074768756,9.72,1.81,1.38
1,1544074768758,9.68,1.87,1.44
1,1544074768759,10.05,2.75,1.83
1,1544074768759,10.13,3.45,1.62
1,1544074768760,9.78,2.89,2.03
1,1544074768760,9.17,2.51,2.69
1,1544074768760,9.16,2.69,2.44
1,1544074768760,9.41,3.04,2.2
1,1544074768833,9.92,4.12,2.26
1,1544074768834,10.13,4.35,1.69
1,1544074768835,9.8,3.35,0.8
1,1544074768835,9.14,1.77,1.44
1,1544074768835,9.96,0.99,1.64
1,1544074768836,11.34,1.09,1.44
1,1544074768836,11.64,1.6,2.46
1,1544074768836,11.05,2.67,2.77
1,1544074768906,10.66,3.55,1.75
1,1544074768906,11.09,5.44,1.48
1,1544074768907,12.28,5.11,0.8
1,1544074768932,12.46,4.58,1.44
1,1544074768932,14.43,2.89,4.76
1,1544074768932,19.21,4.49,11.05
1,1544074768933,14.19,2.98,5.13
1,1544074768933,19.53,-2.42,12.81
1,1544074768982,19.21,-4.43,12.38
1,1544074769009,22.32,-10.13,12.61
1,1544074769010,22.1,-11.15,12.16
1,1544074769010,20.66,-12.67,10.76
1,1544074769010,20.17,-11.52,9.98
1,1544074769011,16.17,-1.25,6.36
1,1544074769011,12.22,-3.3,2.12
1,1544074769011,11.17,-7.22,-0.15
1,1544074769063,10.85,-10.62,-1.83
1,1544074769064,11.09,-18.16,-4.7
1,1544074769064,13.88,-19.66,-4.25
1,1544074769064,15.62,-18.84,-4.8
1,1544074769064,15.05,-17.79,-6.01
1,1544074769064,12.59,-14.08,-6.44
1,1544074769065,12.24,-11.52,-6.25
1,1544074769134,12.53,-9.39,-6.13
1,1544074769136,12.94,-7.65,-5.09
1,1544074769138,13.26,-6.3,-3.71
1,1544074769139,14.27,-5.25,-2.32
1,1544074769141,15.31,-5.05,-2.3
1,1544074769143,16.4,-5.01,-2.55
1,1544074769144,17.5,-5.23,-2.89
1,1544074769145,19.8,-6.38,-2.98
1,1544074769210,20.99,-6.83,-2.48
1,1544074769214,21.93,-6.58,-1.81
1,1544074769216,22.4,-5.87,-1.15
1,1544074769216,21.17,-3.65,0.03
1,1544074769217,19.8,-2.38,0.62
1,1544074769217,18.28,-1.25,1.03
1,1544074769217,16.71,-0.29,1.3
1,1544074769282,14.12,0.62,1.38
1,1544074769301,13.35,0.95,1.52
1,1544074769301,12.57,1.3,1.48
1,1544074769301,11.62,1.46,1.38
1,1544074769301,10.68,1.34,1.36
1,1544074769302,9.0,1.01,2.08
1,1544074769302,7.61,0.8,2.5
1,1544074769302,5.99,0.66,2.98
1,1544074769376,4.66,0.64,3.37
1,1544074769378,3.49,0.95,3.24
1,1544074769378,3.37,0.97,2.91
1,1544074769379,3.41,0.83,2.67
1,1544074769380,3.59,0.64,2.44
1,1544074769381,3.86,0.54,2.46
1,1544074769381,3.75,0.54,2.5
1,1544074769382,3.41,0.62,2.57
1,1544074769433,3.04,0.89,2.63
1,1544074769435,2.51,1.54,2.79
1,1544074769452,2.34,1.89,2.85
1,1544074769454,2.22,2.18,2.87
1,1544074769454,2.18,2.36,2.85
1,1544074769455,2.16,2.63,2.87
1,1544074769455,2.22,3.06,2.83
1,1544074769511,2.28,3.28,2.81
1,1544074769514,2.42,3.53,2.77
1,1544074769537,2.59,3.82,2.71
1,1544074769538,2.98,4.41,2.59
1,1544074769539,3.28,4.64,2.61
1,1544074769540,3.51,4.92,2.61
1,1544074769583,3.8,5.13,2.55
1,1544074769585,4.27,5.41,2.59
1,1544074769588,4.53,5.44,2.55
1,1544074769590,4.76,5.42,2.59
1,1544074769591,4.88,5.41,2.59
1,1544074769591,5.33,5.48,2.61
1,1544074769592,5.56,5.48,2.57
1,1544074769592,5.91,5.5,2.5
1,1544074769662,6.4,5.56,2.46
1,1544074769663,6.89,5.62,2.42
1,1544074769664,8.2,5.41,2.44
1,1544074769664,9.08,5.25,2.5
1,1544074769665,9.98,5.01,2.5
1,1544074769666,11.05,4.84,2.44
1,1544074769667,13.41,4.31,2.46
1,1544074769668,14.64,4.02,2.55
1,1544074769734,16.01,3.71,2.55
1,1544074769734,17.46,3.41,2.63
1,1544074769735,20.13,2.81,2.87
1,1544074769735,21.09,2.36,3.02
1,1544074769736,21.69,1.79,3.16
1,1544074769736,21.93,1.19,3.2
1,1544074769736,21.34,0.15,2.94
1,1544074769737,21.34,0.15,2.94
1,1544074769812,20.93,-0.09,2.92
1,1544074769814,19.82,-0.5,2.87
1,1544074769815,19.82,-0.5,2.87
1,1544074769816,18.2,-1.07,2.79
1,1544074769817,17.63,-1.25,2.71
1,1544074769818,17.03,-1.36,2.71
1,1544074769819,16.36,-1.38,2.75
1,1544074769820,15.19,-0.91,2.59
1,1544074769958,14.76,-0.37,2.34
1,1544074769958,14.43,0.13,2.18
1,1544074769959,14.08,0.58,1.81
1,1544074769959,13.49,1.52,0.99
1,1544074769960,13.28,1.93,0.54
