1,1546416571497,1.11,8.57,-4.39
1,1546416571498,1.28,9.08,-4.39
1,1546416571499,1.17,9.0,-4.39
1,1546416571499,1.11,8.71,-4.29
1,1546416571499,1.19,8.3,-4.25
1,1546416571500,1.32,7.73,-4.02
1,1546416571500,1.19,7.94,-3.96
1,1546416571501,1.03,8.35,-4.0
1,1546416571572,1.03,8.59,-4.17
1,1546416571573,1.01,8.76,-4.33
1,1546416571573,0.97,8.78,-4.31
1,1546416571574,1.01,8.67,-4.31
1,1546416571575,1.03,8.65,-4.25
1,1546416571576,1.11,8.57,-4.35
1,1546416571577,1.19,8.18,-4.35
1,1546416571646,1.21,8.06,-4.23
1,1546416571646,1.19,8.24,-4.08
1,1546416571651,1.21,8.67,-4.0
1,1546416571651,1.32,8.88,-3.88
1,1546416571652,1.36,8.86,-3.76
1,1546416571652,1.36,8.86,-3.88
1,1546416571652,1.26,8.55,-3.63
1,1546416571653,1.38,8.55,-4.1
1,1546416571723,1.09,8.39,-3.96
1,1546416571724,1.54,8.73,-4.16
1,1546416571724,1.25,8.43,-4.02
1,1546416571724,1.58,8.94,-3.96
1,1546416571725,1.26,8.9,-3.86
1,1546416571725,1.26,8.61,-3.63
1,1546416571725,1.44,8.55,-3.45
1,1546416571726,1.54,8.76,-3.41
1,1546416571805,1.42,9.02,-3.3
1,1546416571806,1.48,8.92,-3.2
1,1546416571807,1.5,8.84,-3.1
1,1546416571807,1.42,8.8,-3.12
1,1546416571808,1.13,9.08,-3.45
1,1546416571808,0.93,9.08,-3.41
1,1546416571809,0.91,8.82,-3.39
1,1546416571874,0.85,8.3,-3.47
1,1546416571874,0.82,8.26,-3.65
1,1546416571875,0.89,8.55,-3.63
1,1546416571875,0.95,8.8,-3.53
1,1546416571876,0.99,8.71,-3.32
1,1546416571876,0.99,8.47,-2.89
1,1546416571877,0.97,8.73,-2.79
1,1546416571877,1.03,8.8,-2.71
1,1546416571948,1.09,8.73,-2.69
1,1546416571949,1.13,8.94,-2.85
1,1546416571949,1.07,9.16,-2.92
1,1546416571950,1.05,9.0,-2.98
1,1546416571951,1.03,8.75,-2.94
1,1546416571951,1.05,8.88,-2.89
1,1546416571951,1.07,8.78,-2.65
1,1546416572021,1.05,8.73,-2.75
1,1546416572022,1.05,8.71,-2.87
1,1546416572023,1.05,8.73,-2.89
1,1546416572023,1.07,8.96,-3.06
1,1546416572024,0.97,9.08,-3.02
1,1546416572024,0.95,8.96,-2.92
1,1546416572025,0.97,9.14,-2.89
1,1546416572025,1.01,9.14,-2.79
1,1546416572108,1.03,9.02,-2.71
1,1546416572109,1.07,8.92,-2.59
1,1546416572109,1.03,8.84,-2.55
1,1546416572110,1.05,8.86,-2.42
1,1546416572110,1.09,8.98,-2.42
1,1546416572111,1.07,8.98,-2.34
1,1546416572111,1.07,8.9,-2.42
1,1546416572112,1.01,8.8,-2.48
1,1546416572172,1.05,9.14,-2.57
1,1546416572173,1.07,9.12,-2.55
1,1546416572174,1.09,9.08,-2.42
1,1546416572174,1.09,9.02,-2.38
1,1546416572175,1.09,8.94,-2.48
1,1546416572175,1.07,9.02,-2.67
1,1546416572176,1.11,9.08,-2.65
1,1546416572250,1.13,9.06,-2.59
1,1546416572251,1.17,9.19,-2.67
1,1546416572251,1.17,9.31,-2.65
1,1546416572252,1.23,9.33,-2.53
1,1546416572252,1.19,9.21,-2.44
1,1546416572321,1.15,9.04,-2.34
1,1546416572323,1.23,8.88,-2.26
1,1546416572324,1.21,9.14,-2.24
1,1546416572325,1.13,9.17,-2.34
1,1546416572325,1.07,8.96,-2.4
1,1546416572326,1.13,9.02,-2.5
1,1546416572327,1.03,8.86,-2.46
1,1546416572327,1.05,8.71,-2.44
1,1546416572399,1.07,8.76,-2.51
1,1546416572400,1.09,9.21,-2.59
1,1546416572400,1.07,9.12,-2.55
1,1546416572400,1.13,9.06,-2.5
1,1546416572401,1.17,8.92,-2.4
1,1546416572401,1.17,8.9,-2.32
1,1546416572402,1.15,9.0,-2.36
1,1546416572402,1.19,9.0,-2.36
1,1546416572471,1.23,8.96,-2.28
1,1546416572473,1.25,9.17,-2.24
1,1546416572474,1.26,9.27,-2.24
1,1546416572475,1.28,9.29,-2.2
1,1546416572475,1.3,9.27,-2.18
1,1546416572476,1.36,9.27,-2.08
1,1546416572477,1.4,9.29,-2.16
1,1546416572477,1.36,9.23,-2.24
1,1546416572548,1.26,9.02,-2.2
1,1546416572548,1.64,8.32,-2.42
1,1546416572549,1.69,8.88,-2.79
1,1546416572549,1.32,9.08,-2.94
1,1546416572549,1.11,8.69,-2.83
1,1546416572550,1.46,8.8,-2.91
1,1546416572550,1.34,8.96,-2.81
1,1546416572550,1.25,8.9,-2.77
1,1546416572622,1.23,8.76,-2.73
1,1546416572623,1.3,8.8,-2.71
1,1546416572623,1.3,8.96,-2.69
1,1546416572624,1.26,8.96,-2.63
1,1546416572624,1.28,8.88,-2.57
1,1546416572624,1.3,8.8,-2.53
1,1546416572625,1.28,8.88,-2.65
1,1546416572625,1.25,9.0,-2.75
1,1546416572696,1.21,8.92,-2.94
1,1546416572696,1.26,8.78,-3.02
1,1546416572697,1.42,8.8,-3.0
1,1546416572698,1.5,8.96,-2.91
1,1546416572698,1.48,9.31,-2.83
1,1546416572698,1.4,9.39,-2.75
1,1546416572699,1.62,9.1,-2.83
1,1546416572772,1.6,9.16,-2.92
1,1546416572773,1.48,9.06,-3.08
1,1546416572773,1.46,8.78,-3.16
1,1546416572795,1.42,8.55,-3.2
1,1546416572796,1.58,8.22,-3.18
1,1546416572796,1.62,8.24,-3.16
1,1546416572796,1.69,8.45,-3.02
1,1546416572797,1.79,8.78,-2.87
1,1546416572846,1.62,9.14,-2.94
1,1546416572862,1.69,9.0,-2.83
1,1546416572864,1.81,9.04,-2.61
1,1546416572864,1.89,9.21,-2.57
1,1546416572864,1.69,9.08,-2.57
1,1546416572864,1.73,8.9,-2.61
1,1546416572865,1.73,8.88,-2.73
1,1546416572865,1.66,8.71,-2.87
1,1546416572921,1.69,8.51,-3.08
1,1546416572923,1.69,8.55,-3.1
1,1546416572924,1.71,8.57,-3.08
1,1546416572924,1.73,8.63,-3.04
1,1546416572925,1.77,8.82,-3.0
1,1546416572925,1.79,9.04,-3.02
1,1546416572927,1.75,8.94,-3.06
1,1546416572998,1.73,8.8,-3.14
1,1546416573000,1.77,8.76,-3.18
1,1546416573000,1.77,8.75,-3.28
1,1546416573001,1.83,8.55,-3.14
1,1546416573002,1.85,8.51,-3.04
1,1546416573002,1.89,8.57,-2.96
1,1546416573003,1.89,8.53,-2.92
1,1546416573004,1.89,8.47,-2.92
1,1546416573071,1.89,8.53,-2.96
1,1546416573071,1.85,8.55,-2.98
1,1546416573072,1.95,8.61,-3.02
1,1546416573072,1.95,8.59,-3.06
1,1546416573081,1.99,8.67,-3.06
1,1546416573082,2.08,8.88,-3.02
1,1546416573082,2.05,8.92,-2.98
1,1546416573148,2.03,8.9,-2.94
1,1546416573149,2.07,8.96,-2.94
1,1546416573150,2.1,8.84,-2.87
1,1546416573150,2.08,8.69,-2.89
1,1546416573171,2.08,8.63,-2.81
1,1546416573172,2.03,8.65,-2.79
1,1546416573173,2.05,8.75,-2.83
1,1546416573173,2.2,8.88,-2.81
1,1546416573223,2.22,9.1,-2.87
1,1546416573224,2.24,9.1,-2.87
1,1546416573224,2.16,8.98,-2.92
1,1546416573225,2.26,8.9,-2.87
1,1546416573226,2.28,9.02,-2.77
1,1546416573226,2.3,9.0,-2.75
1,1546416573226,2.42,8.94,-2.79
1,1546416573227,2.5,8.9,-2.67
1,1546416573299,2.53,8.92,-2.65
1,1546416573300,2.55,9.08,-2.69
1,1546416573300,2.59,8.94,-2.65
1,1546416573300,2.59,8.9,-2.63
1,1546416573316,2.61,8.8,-2.55
1,1546416573317,2.69,8.63,-2.3
1,1546416573317,2.67,8.65,-2.2
1,1546416573374,2.59,8.57,-2.12
1,1546416573383,2.59,8.47,-2.01
1,1546416573384,2.46,8.47,-1.95
1,1546416573384,2.4,8.51,-2.01
1,1546416573384,2.34,8.69,-2.14
1,1546416573385,2.26,8.67,-2.24
1,1546416573385,2.14,9.39,-2.28
1,1546416573385,1.93,9.37,-2.34
1,1546416573449,1.77,9.19,-2.26
1,1546416573450,1.81,8.88,-2.05
1,1546416573451,2.03,9.04,-1.87
1,1546416573452,1.46,8.12,-1.69
1,1546416573452,1.54,7.85,-1.48
1,1546416573452,1.52,8.06,-1.36
1,1546416573468,1.67,8.73,-1.28
1,1546416573532,1.73,9.62,-0.83
1,1546416573533,2.01,8.73,-0.35
1,1546416573534,2.12,8.8,-0.27
1,1546416573534,2.03,8.78,-0.37
1,1546416573534,2.07,9.33,-0.76
1,1546416573535,2.08,9.33,-0.93
1,1546416573535,2.07,9.43,-0.99
1,1546416573537,1.99,9.55,-1.05
1,1546416573598,2.22,9.16,-0.91
1,1546416573599,2.07,8.39,-0.8
1,1546416573600,1.69,7.83,-0.87
1,1546416573600,1.5,8.04,-1.46
1,1546416573600,1.54,8.04,-1.85
1,1546416573600,1.48,8.3,-1.73
1,1546416573601,1.66,9.31,-1.73
1,1546416573601,1.58,9.9,-1.91
1,1546416573676,1.52,9.64,-1.81
1,1546416573677,1.75,9.33,-1.75
1,1546416573677,1.87,9.64,-1.81
1,1546416573677,2.05,9.76,-1.75
1,1546416573677,2.2,9.45,-1.6
1,1546416573677,2.75,9.0,-1.15
1,1546416573678,2.89,9.02,-1.11
1,1546416573753,3.16,9.12,-1.01
1,1546416573756,3.35,9.1,-0.95
1,1546416573757,3.73,9.74,-0.91
1,1546416573758,3.67,10.11,-0.76
1,1546416573759,3.86,9.86,-0.56
1,1546416573761,3.94,9.66,-0.5
1,1546416573762,3.9,9.78,-0.52
1,1546416573763,3.71,9.76,-0.62
1,1546416573830,3.59,9.53,-0.66
1,1546416573831,3.65,9.21,-0.7
1,1546416573856,3.63,9.02,-0.64
1,1546416573857,3.43,8.22,-0.7
1,1546416573857,3.43,8.22,-0.99
1,1546416573858,3.26,8.35,-1.28
1,1546416573858,3.04,8.22,-1.4
1,1546416573900,3.02,7.94,-1.64
1,1546416573901,2.96,7.94,-1.66
1,1546416573901,2.75,8.04,-1.95
1,1546416573901,2.65,7.98,-2.26
1,1546416573901,2.34,8.2,-2.71
1,1546416573902,2.32,8.35,-2.85
1,1546416573902,2.22,8.3,-2.92
1,1546416573902,2.05,8.2,-3.06
1,1546416573974,1.89,8.04,-3.14
1,1546416573975,1.46,7.69,-3.51
1,1546416573975,1.42,6.81,-2.28
1,1546416573988,1.71,8.43,-3.06
1,1546416573989,1.3,9.35,-4.19
1,1546416573990,1.26,7.44,-3.14
1,1546416573990,1.46,9.17,-3.53
1,1546416573991,1.19,8.12,-3.51
1,1546416574061,1.25,6.97,-2.18
1,1546416574062,1.38,8.94,-2.5
1,1546416574062,1.28,8.12,-1.97
1,1546416574063,1.26,8.51,-2.3
1,1546416574063,1.07,8.84,-3.18
1,1546416574063,0.93,9.43,-4.6
1,1546416574064,1.03,9.62,-4.51
1,1546416574126,1.13,9.53,-4.06
1,1546416574141,1.25,9.62,-3.88
1,1546416574142,1.3,9.82,-4.25
1,1546416574142,1.03,9.74,-4.76
1,1546416574143,0.91,9.43,-4.76
1,1546416574143,0.99,9.31,-4.66
1,1546416574144,1.05,9.35,-4.7
1,1546416574144,0.8,9.78,-5.39
1,1546416574200,0.62,9.86,-5.74
1,1546416574200,0.39,9.8,-6.28
1,1546416574201,0.29,9.74,-6.73
1,1546416574201,0.17,9.16,-6.62
1,1546416574201,0.05,8.8,-6.23
1,1546416574201,-0.17,8.14,-5.78
1,1546416574202,-0.25,7.51,-5.42
1,1546416574273,-0.37,8.0,-5.52
1,1546416574290,-0.76,8.61,-5.05
1,1546416574290,-0.64,9.04,-4.82
1,1546416574290,-0.41,8.73,-4.43
1,1546416574291,-0.39,8.06,-4.19
1,1546416574291,-0.37,7.63,-4.23
1,1546416574291,-0.39,7.61,-4.35
1,1546416574291,-0.46,7.57,-4.57
1,1546416574348,-0.56,7.34,-5.11
1,1546416574349,-0.31,7.51,-6.25
1,1546416574350,-0.25,7.79,-6.38
1,1546416574357,-0.25,8.04,-6.25
1,1546416574358,-0.01,8.26,-5.99
1,1546416574358,0.23,8.41,-6.05
1,1546416574359,0.23,8.3,-6.11
1,1546416574359,0.25,8.32,-6.03
1,1546416574426,0.37,8.33,-6.03
1,1546416574427,0.52,8.26,-5.97
1,1546416574428,0.52,8.16,-5.91
1,1546416574429,0.54,8.18,-6.07
1,1546416574430,0.48,8.39,-6.34
1,1546416574430,0.58,8.78,-6.67
1,1546416574431,0.21,6.95,-5.35
1,1546416574504,0.33,6.95,-5.11
1,1546416574506,0.68,7.55,-5.05
1,1546416574508,0.7,7.85,-5.29
1,1546416574509,0.39,7.79,-5.8
1,1546416574512,0.31,7.46,-5.68
1,1546416574513,0.29,6.85,-5.66
1,1546416574515,0.25,6.07,-5.76
1,1546416574516,1.6,5.5,-4.62
1,1546416574575,1.32,8.78,-5.87
1,1546416574576,0.21,11.01,-6.25
1,1546416574576,-0.05,10.33,-5.85
1,1546416574591,0.6,7.79,-4.41
1,1546416574592,0.91,8.0,-4.23
1,1546416574593,0.78,8.71,-4.17
1,1546416574593,0.44,9.23,-3.98
1,1546416574650,0.25,9.12,-3.75
1,1546416574651,0.6,8.2,-3.35
1,1546416574652,0.82,8.22,-3.45
1,1546416574652,0.8,8.57,-3.69
1,1546416574653,0.6,9.02,-4.08
1,1546416574654,0.48,9.51,-4.37
1,1546416574654,0.93,9.9,-3.69
1,1546416574655,1.93,11.46,-2.65
1,1546416574730,2.5,14.16,-1.79
1,1546416574732,2.96,18.06,-0.09
1,1546416574733,3.0,18.16,0.76
1,1546416574734,3.53,18.18,1.67
1,1546416574735,4.53,18.96,2.46
1,1546416574737,5.13,19.17,2.91
1,1546416574738,4.98,18.84,2.5
1,1546416574739,4.16,18.1,1.62
1,1546416574801,3.24,16.25,-0.35
1,1546416574811,3.76,15.15,-0.58
1,1546416574812,5.23,12.87,-1.87
1,1546416574813,5.39,11.4,-1.07
1,1546416574813,5.68,9.94,0.21
1,1546416574874,5.19,8.69,1.23
1,1546416574875,1.28,8.57,3.94
1,1546416574875,0.56,7.1,4.68
1,1546416574875,-1.23,5.19,5.03
1,1546416574875,-2.96,3.76,5.89
1,1546416574876,-5.09,9.19,3.1
1,1546416574876,-5.11,12.53,1.93
1,1546416574876,-4.92,14.58,1.32
1,1546416574949,-5.05,15.07,1.25
1,1546416574950,-4.27,12.16,2.3
1,1546416574950,-3.63,9.94,1.23
1,1546416574951,-2.91,8.69,-0.54
1,1546416574952,-1.71,8.0,-1.95
1,1546416574953,-0.82,8.53,-3.39
1,1546416574962,-0.03,11.03,-5.42
1,1546416574963,0.37,11.25,-6.62
1,1546416575022,1.26,10.39,-8.12
1,1546416575024,2.24,8.37,-9.08
1,1546416575025,3.71,5.0,-9.82
1,1546416575025,3.9,3.53,-10.0
1,1546416575026,4.1,2.08,-10.17
1,1546416575027,4.43,1.32,-10.41
1,1546416575028,4.7,4.39,-10.93
1,1546416575028,4.16,6.11,-10.72
1,1546416575096,3.51,7.14,-10.42
1,1546416575098,3.14,7.69,-10.56
1,1546416575099,2.16,7.63,-10.56
1,1546416575100,1.44,7.1,-10.07
1,1546416575101,0.76,6.91,-9.08
1,1546416575101,0.33,6.75,-7.79
1,1546416575102,0.13,5.99,-6.36
1,1546416575102,-0.44,4.55,-3.39
1,1546416575171,-0.87,4.55,-2.14
1,1546416575171,-1.48,4.6,-1.01
1,1546416575171,-2.08,4.84,-0.39
1,1546416575172,-3.32,5.91,0.31
1,1546416575172,-3.88,6.48,0.31
1,1546416575172,-4.49,7.01,0.15
1,1546416575173,-5.03,7.57,0.11
1,1546416575178,-5.82,7.69,0.11
1,1546416575245,-5.8,7.42,0.33
1,1546416575245,-5.68,7.32,0.5
1,1546416575246,-5.7,7.46,0.68
1,1546416575246,-5.64,7.59,0.91
1,1546416575262,-5.5,7.59,0.93
1,1546416575263,-5.39,7.67,0.99
1,1546416575263,-5.27,7.77,1.05
1,1546416575263,-5.03,7.87,0.91
1,1546416575324,-4.66,8.18,0.37
1,1546416575324,-4.64,8.39,0.13
1,1546416575324,-4.57,8.39,-0.11
1,1546416575325,-4.39,8.12,-0.29
1,1546416575325,-4.12,8.24,-0.7
1,1546416575325,-4.1,8.45,-0.87
1,1546416575325,-4.04,8.37,-0.91
1,1546416575396,-3.82,8.06,-0.85
1,1546416575397,-3.67,7.36,-0.95
1,1546416575397,-3.73,7.16,-1.07
1,1546416575397,-3.76,7.1,-1.09
1,1546416575398,-3.73,7.26,-1.13
1,1546416575398,-3.78,7.38,-0.93
1,1546416575413,-3.86,7.3,-0.83
1,1546416575414,-4.06,7.4,-0.76
1,1546416575470,-4.37,7.57,-0.76
1,1546416575546,-4.68,7.75,-0.64
1,1546416575547,-4.92,7.63,-0.39
1,1546416575547,-4.88,7.5,-0.25
1,1546416575564,-4.86,7.48,0.21
1,1546416575565,-4.86,7.48,0.21
1,1546416575565,-4.64,7.46,0.83
1,1546416575565,-4.6,7.46,1.07
1,1546416575565,-4.62,7.42,1.25
1,1546416575621,-4.62,7.57,1.3
1,1546416575622,-4.6,7.5,1.25
1,1546416575622,-4.43,7.05,0.85
1,1546416575632,-4.39,6.67,1.01
1,1546416575633,-4.23,6.56,1.13
1,1546416575633,-4.23,6.48,1.26
1,1546416575633,-4.27,6.13,1.28
1,1546416575634,-4.21,6.17,1.3
1,1546416575697,-4.16,6.15,1.28
1,1546416575698,-3.69,5.33,0.83
1,1546416575716,-3.51,5.09,0.56
1,1546416575716,-3.35,4.8,0.19
1,1546416575716,-3.08,4.23,-0.17
1,1546416575717,-2.2,2.98,-0.27
1,1546416575717,-1.89,2.57,-0.27
1,1546416575717,-1.87,2.18,-0.46
1,1546416575771,-1.99,1.87,-0.97
1,1546416575771,-1.93,1.34,-1.15
1,1546416575772,-1.54,1.15,-1.07
1,1546416575772,-1.13,1.03,-0.97
1,1546416575772,-0.76,0.89,-0.83
1,1546416575783,-0.01,0.58,-0.7
1,1546416575783,0.23,0.54,-0.74
1,1546416575783,0.25,0.44,-0.76
1,1546416575847,0.25,0.33,-0.78
1,1546416575848,0.25,0.48,-0.74
1,1546416575848,0.72,0.33,-0.76
1,1546416575848,1.23,-0.07,-0.74
1,1546416575868,1.81,-0.62,-0.8
1,1546416575869,2.38,-1.21,-0.95
1,1546416575869,2.87,-1.83,-1.58
1,1546416575869,3.24,-1.34,-2.03
1,1546416575922,3.88,-0.25,-2.75
1,1546416575923,4.9,0.68,-3.43
1,1546416575923,6.77,1.93,-3.76
1,1546416575923,7.53,2.16,-3.57
1,1546416575923,8.3,2.61,-3.45
1,1546416575923,9.17,3.39,-3.63
1,1546416575924,10.78,6.23,-4.8
1,1546416575998,11.19,7.5,-5.17
1,1546416575998,11.69,7.91,-5.27
1,1546416575998,12.42,7.61,-5.23
1,1546416575999,13.67,7.34,-5.23
1,1546416575999,16.66,8.94,-6.05
1,1546416575999,17.96,10.01,-6.23
1,1546416575999,19.02,11.26,-6.17
1,1546416576000,19.47,11.99,-5.42
1,1546416576071,18.75,11.4,-3.14
1,1546416576072,18.82,10.76,-2.42
1,1546416576072,19.86,10.0,-1.81
1,1546416576073,21.11,9.06,-1.36
1,1546416576073,23.39,8.53,-0.72
1,1546416576073,24.02,9.31,-0.68
1,1546416576074,24.39,10.25,-0.35
1,1546416576147,24.33,11.15,0.54
1,1546416576147,23.65,12.67,1.54
1,1546416576147,22.85,12.73,1.36
1,1546416576154,21.93,12.2,1.09
1,1546416576155,21.05,11.75,0.91
1,1546416576155,20.52,12.22,1.09
1,1546416576155,19.27,15.15,2.57
1,1546416576155,18.49,17.22,4.96
1,1546416576222,16.64,17.32,6.09
1,1546416576223,14.86,14.64,6.77
1,1546416576238,14.53,6.09,7.69
1,1546416576238,14.53,5.39,7.05
1,1546416576238,14.21,8.39,5.68
1,1546416576239,13.65,12.44,4.45
1,1546416576239,11.4,14.8,3.16
1,1546416576239,10.7,13.41,3.22
1,1546416576297,10.37,11.75,3.2
1,1546416576298,10.15,10.7,2.81
1,1546416576299,9.62,10.09,1.93
1,1546416576300,9.51,9.76,1.23
1,1546416576300,9.58,9.39,0.46
1,1546416576301,9.72,9.04,-0.25
1,1546416576301,9.74,8.9,-0.82
1,1546416576371,9.62,9.0,-1.87
1,1546416576450,9.57,8.84,-2.24
1,1546416576451,9.62,8.45,-2.36
1,1546416576451,9.62,7.98,-2.48
1,1546416576451,9.72,7.01,-2.71
1,1546416576452,9.82,6.75,-2.91
1,1546416576522,9.94,6.58,-3.04
1,1546416576523,10.11,6.4,-3.22
1,1546416576524,10.54,6.26,-3.67
1,1546416576524,10.74,6.28,-3.94
1,1546416576525,10.85,6.32,-4.14
1,1546416576525,11.62,5.52,-5.03
1,1546416576599,11.79,5.25,-5.13
1,1546416576599,12.2,4.9,-5.35
1,1546416576600,12.36,4.72,-5.54
1,1546416576600,13.49,3.57,-5.99
1,1546416576601,13.45,3.32,-5.8
1,1546416576601,13.28,2.92,-5.29
1,1546416576601,13.1,2.77,-5.01
1,1546416576602,12.91,2.55,-4.76
1,1546416576676,12.67,2.4,-4.66
1,1546416576676,12.05,1.99,-4.39
1,1546416576677,11.67,1.52,-4.23
1,1546416576677,11.42,1.17,-3.98
1,1546416576677,10.97,1.17,-3.88
1,1546416576677,10.09,1.3,-3.78
1,1546416576677,9.96,1.79,-3.78
1,1546416576678,9.68,2.28,-3.86
1,1546416576750,9.43,2.59,-3.92
1,1546416576751,8.71,3.08,-4.66
1,1546416576752,8.59,2.94,-4.66
1,1546416576752,8.49,2.67,-4.7
1,1546416576753,8.55,2.44,-4.68
1,1546416576753,8.45,2.83,-4.31
1,1546416576754,8.51,3.1,-3.94
1,1546416576754,8.24,3.39,-3.61
1,1546416576825,8.06,4.06,-3.32
1,1546416576826,7.65,5.09,-2.59
1,1546416576827,7.16,5.03,-2.24
1,1546416576845,6.6,4.6,-4.0
1,1546416576845,8.82,5.15,-1.26
1,1546416576846,11.73,2.61,10.66
1,1546416576846,4.47,0.5,14.02
1,1546416576846,6.6,2.98,11.26
1,1546416576900,7.51,9.6,8.37
1,1546416576902,8.04,11.48,5.87
1,1546416576902,9.25,7.08,1.79
1,1546416576903,7.65,5.23,-1.62
1,1546416576904,7.05,4.86,-4.49
1,1546416576906,7.14,5.62,-6.83
1,1546416576906,7.28,7.87,-8.84
1,1546416576907,6.48,7.38,-8.12
1,1546416576974,5.56,5.87,-6.91
1,1546416576975,4.94,4.7,-5.7
1,1546416576976,4.06,3.57,-4.16
1,1546416576977,3.94,4.29,-3.53
1,1546416576978,3.86,5.52,-3.16
1,1546416576979,3.61,6.44,-3.18
1,1546416576979,2.94,6.38,-2.98
1,1546416576980,2.79,5.7,-3.02
1,1546416577047,2.77,5.03,-3.16
1,1546416577048,2.63,4.47,-3.49
1,1546416577050,2.5,4.27,-3.73
1,1546416577050,1.97,5.62,-3.9
1,1546416577051,1.81,6.97,-3.69
1,1546416577052,1.87,7.77,-3.63
1,1546416577053,1.69,7.94,-3.59
1,1546416577124,1.34,7.46,-3.35
1,1546416577124,1.3,7.2,-4.04
1,1546416577125,1.21,7.08,-4.86
1,1546416577125,1.15,7.46,-5.58
1,1546416577125,0.85,9.33,-6.05
1,1546416577125,0.68,9.58,-6.03
1,1546416577125,0.48,9.88,-5.8
1,1546416577125,0.46,9.68,-4.25
1,1546416577201,1.03,8.71,-3.45
1,1546416577215,0.93,9.31,-3.67
1,1546416577216,0.62,10.03,-4.35
1,1546416577216,0.54,10.33,-4.76
1,1546416577217,0.68,9.76,-5.17
1,1546416577217,1.11,9.88,-5.27
1,1546416577218,1.15,10.97,-5.41
1,1546416577280,1.05,11.25,-5.78
1,1546416577280,0.93,10.58,-6.03
1,1546416577281,0.97,9.7,-6.09
1,1546416577281,1.15,10.31,-6.58
1,1546416577281,1.23,10.74,-6.75
1,1546416577282,1.26,11.38,-7.26
1,1546416577282,1.69,11.42,-7.98
1,1546416577282,1.62,11.5,-7.89
1,1546416577448,1.48,11.25,-7.85
1,1546416577450,1.28,10.99,-8.02
1,1546416577451,0.66,10.25,-8.45
1,1546416577452,0.37,10.5,-8.43
1,1546416577453,0.42,9.96,-8.06
1,1546416577505,0.56,10.17,-8.02
1,1546416577509,0.27,9.43,-7.51
1,1546416577510,0.25,8.12,-6.95
1,1546416577510,0.37,8.3,-6.71
1,1546416577511,0.54,8.35,-6.26
1,1546416577511,0.66,7.38,-4.1
1,1546416577512,0.83,7.53,-3.33
1,1546416577512,0.83,7.3,-2.81
1,1546416577571,0.64,6.89,-2.32
1,1546416577571,0.17,4.27,-2.81
1,1546416577586,-0.27,3.06,-3.94
1,1546416577587,0.25,5.58,-3.39
1,1546416577588,0.37,6.97,-2.67
1,1546416577588,0.44,7.08,-2.44
1,1546416577588,0.05,6.75,-2.34
1,1546416577588,-0.05,6.4,-3.53
1,1546416577650,0.13,6.64,-3.8
1,1546416577653,0.27,7.2,-4.14
1,1546416577654,0.25,7.24,-3.94
1,1546416577656,0.72,7.48,-3.16
1,1546416577657,1.4,8.8,-2.77
1,1546416577658,1.17,7.87,-1.89
1,1546416577661,1.44,7.91,-2.22
1,1546416577726,2.61,10.0,-3.45
1,1546416577727,2.32,9.8,-3.41
1,1546416577757,2.36,9.53,-3.06
1,1546416577758,2.85,9.49,-2.3
1,1546416577758,3.37,9.98,-1.4
1,1546416577758,4.04,9.94,-0.56
1,1546416577759,4.23,9.7,-0.41
1,1546416577759,4.31,9.43,0.01
1,1546416577797,4.41,9.51,0.42
1,1546416577825,4.78,10.66,0.52
1,1546416577826,4.82,10.74,0.41
1,1546416577826,5.07,10.33,0.72
1,1546416577826,5.64,10.52,0.8
1,1546416577827,6.44,10.6,0.72
1,1546416577827,6.52,10.62,0.89
1,1546416577827,6.54,10.83,0.74
1,1546416577872,6.38,11.01,0.64
1,1546416577888,6.13,10.64,0.62
1,1546416577889,5.89,11.09,0.64
1,1546416577889,5.89,10.93,0.33
1,1546416577889,5.54,10.46,-0.23
1,1546416577889,5.39,10.17,-0.6
1,1546416577889,5.07,8.92,-0.91
1,1546416577890,5.01,8.2,-1.01
1,1546416577948,4.9,7.67,-1.21
1,1546416577950,4.88,7.42,-1.5
1,1546416577951,4.68,7.42,-2.42
1,1546416577952,4.49,7.38,-3.16
1,1546416577952,4.17,7.2,-3.78
1,1546416577953,3.8,7.22,-3.9
1,1546416577953,3.28,6.93,-3.0
1,1546416577954,3.04,6.93,-2.61
1,1546416578027,2.87,7.22,-2.34
1,1546416578028,2.67,7.57,-2.38
1,1546416578058,2.05,7.57,-2.81
1,1546416578058,1.64,7.28,-2.87
1,1546416578058,1.44,7.14,-2.77
1,1546416578058,1.15,7.2,-3.18
1,1546416578059,0.8,7.4,-3.65
1,1546416578059,0.23,6.73,-3.82
1,1546416578098,0.15,6.4,-3.49
1,1546416578119,-0.44,5.17,-3.45
1,1546416578119,-0.56,4.49,-2.75
1,1546416578120,0.05,6.4,-3.55
1,1546416578120,-0.39,6.25,-4.0
1,1546416578120,-0.78,5.82,-4.43
1,1546416578120,-0.89,5.72,-4.88
1,1546416578120,-0.76,6.79,-5.85
1,1546416578172,-0.66,7.73,-6.13
1,1546416578246,-0.93,8.35,-6.28
1,1546416578247,-1.34,9.23,-5.91
1,1546416578247,-2.28,8.69,-6.09
1,1546416578247,-2.24,9.0,-6.28
1,1546416578247,-2.14,8.49,-5.11
1,1546416578248,-1.87,8.76,-4.08
1,1546416578255,-1.28,9.82,-3.41
1,1546416578256,-0.95,9.31,-3.14
1,1546416578344,-0.83,9.14,-3.55
1,1546416578344,-0.48,9.58,-4.19
1,1546416578344,-0.5,7.69,-4.62
1,1546416578344,-0.97,8.76,-5.8
1,1546416578345,-1.09,9.96,-6.5
1,1546416578345,-0.7,10.05,-6.95
1,1546416578345,-0.7,9.04,-7.67
1,1546416578345,-0.89,9.88,-10.0
1,1546416578409,-0.97,9.84,-10.52
1,1546416578410,-1.13,8.71,-10.39
1,1546416578410,-1.48,7.5,-9.78
1,1546416578410,-1.81,6.99,-9.8
1,1546416578410,-2.28,8.9,-12.87
1,1546416578411,-2.2,8.98,-14.82
1,1546416578411,-1.6,8.88,-15.66
1,1546416578411,-0.15,8.14,-16.99
1,1546416578499,4.6,12.34,-16.15
1,1546416578500,3.92,11.97,-14.49
1,1546416578500,3.12,8.3,-12.36
1,1546416578500,3.86,6.64,-11.32
1,1546416578500,4.82,5.56,-9.53
1,1546416578500,4.53,5.07,-9.12
1,1546416578501,4.16,2.94,-8.61
1,1546416578501,4.76,-0.62,-6.23
1,1546416578566,6.13,0.87,-4.29
1,1546416578567,5.6,4.96,-6.42
1,1546416578567,2.14,3.86,-9.29
1,1546416578567,0.39,3.51,-10.13
1,1546416578567,-0.17,2.92,-9.94
1,1546416578567,2.14,1.67,-5.46
1,1546416578567,2.44,0.46,-3.39
1,1546416578568,2.98,1.26,-1.81
1,1546416578640,3.43,2.14,-1.46
1,1546416578640,3.8,4.25,-2.48
1,1546416578641,3.71,6.17,-3.57
1,1546416578641,3.75,7.5,-4.39
1,1546416578642,4.1,7.03,-4.66
1,1546416578642,5.29,9.19,-4.49
1,1546416578642,4.7,10.15,-4.82
1,1546416578642,3.86,7.57,-4.6
1,1546416578696,3.12,2.87,-3.78
1,1546416578696,1.87,-2.5,-2.71
1,1546416578697,1.75,-1.93,-2.63
1,1546416578697,1.91,-0.62,-2.94
1,1546416578706,2.16,-0.48,-2.5
1,1546416578706,3.78,-0.25,-1.34
1,1546416578706,7.71,3.73,0.19
1,1546416578774,9.06,5.58,0.33
1,1546416578846,8.88,4.35,0.74
1,1546416578846,8.22,3.24,2.16
1,1546416578857,9.78,1.67,1.81
1,1546416578857,11.52,0.58,2.34
1,1546416578857,10.95,-1.64,2.61
1,1546416578857,10.42,-4.53,3.63
1,1546416578858,13.08,-9.1,5.09
1,1546416578858,14.78,-10.46,5.41
1,1546416578924,16.73,-10.89,5.52
1,1546416578925,19.08,-9.92,5.44
1,1546416578925,25.37,7.87,-2.69
1,1546416578925,22.73,10.23,-5.11
1,1546416578925,20.82,10.74,-5.76
1,1546416578925,18.59,9.64,-5.6
1,1546416578926,16.67,6.58,-4.96
1,1546416578926,15.85,1.48,-3.9
1,1546416578997,16.19,1.15,-3.84
1,1546416578997,16.48,2.83,-3.55
1,1546416579008,16.64,6.13,-2.14
1,1546416579008,16.58,8.0,-1.42
1,1546416579008,16.15,9.6,-0.87
1,1546416579009,15.44,10.46,-0.54
1,1546416579009,13.32,10.15,-0.41
1,1546416579010,12.28,9.43,-0.68
1,1546416579077,11.23,8.41,-1.01
1,1546416579077,10.39,7.2,-1.26
1,1546416579078,9.74,6.19,-1.3
1,1546416579079,9.08,5.31,-0.78
1,1546416579079,8.76,5.29,-0.46
1,1546416579080,8.59,5.41,0.17
1,1546416579080,8.41,5.58,0.93
1,1546416579080,8.18,5.54,2.03
1,1546416579158,8.2,5.33,2.32
1,1546416579158,8.33,5.05,2.34
1,1546416579158,8.39,4.78,2.32
1,1546416579159,8.61,5.17,1.48
1,1546416579159,8.71,5.29,0.74
1,1546416579159,8.92,5.35,0.03
1,1546416579159,9.27,5.42,-0.68
1,1546416579160,10.0,5.82,-1.81
1,1546416579226,10.37,6.23,-2.34
1,1546416579226,10.72,6.77,-2.73
1,1546416579226,10.97,7.36,-2.94
1,1546416579227,11.38,8.82,-2.69
1,1546416579227,11.21,9.49,-2.46
1,1546416579227,10.85,9.9,-2.07
1,1546416579227,10.6,9.88,-1.77
1,1546416579227,10.64,9.37,-1.64
1,1546416579309,11.52,7.48,-1.91
1,1546416579310,12.12,6.6,-2.26
1,1546416579310,12.94,5.91,-2.63
1,1546416579310,14.16,5.27,-3.06
1,1546416579310,17.42,3.98,-4.04
1,1546416579310,19.29,3.22,-4.47
1,1546416579311,21.15,2.5,-4.92
1,1546416579377,22.71,1.5,-5.48
1,1546416579377,23.8,-0.05,-6.23
1,1546416579377,23.45,-0.78,-6.34
1,1546416579378,22.59,-1.05,-6.32
1,1546416579378,21.34,-1.01,-6.34
1,1546416579378,20.54,-1.25,-5.89
1,1546416579378,20.29,-1.3,-5.23
1,1546416579379,20.23,-1.5,-4.84
1,1546416579447,19.8,-1.77,-4.37
1,1546416579461,19.0,-1.81,-4.06
1,1546416579462,17.46,-1.07,-4.17
1,1546416579462,17.07,-0.64,-4.45
1,1546416579462,16.79,-0.44,-4.86
1,1546416579462,16.5,-0.48,-5.15
1,1546416579462,16.71,-0.27,-5.58
1,1546416579522,16.83,-0.23,-5.87
1,1546416579529,16.5,-0.23,-6.01
1,1546416579530,15.83,-0.29,-6.19
1,1546416579530,14.96,-1.07,-6.17
1,1546416579530,14.72,-1.6,-6.07
1,1546416579531,14.27,-1.91,-5.97
1,1546416579531,13.94,-1.99,-5.83
1,1546416579531,13.41,-2.2,-5.46
1,1546416579597,12.77,-2.5,-5.33
1,1546416579598,12.1,-2.87,-5.13
1,1546416579598,11.48,-3.24,-4.76
1,1546416579599,10.82,-3.45,-4.35
1,1546416579599,9.04,-3.33,-3.63
1,1546416579599,8.04,-3.14,-3.32
1,1546416579600,7.28,-2.96,-3.04
1,1546416579600,6.73,-2.85,-2.77
1,1546416579682,5.46,-2.92,-2.32
1,1546416579683,4.82,-2.98,-2.03
1,1546416579683,4.21,-2.94,-1.87
1,1546416579683,3.67,-2.77,-1.75
1,1546416579683,2.91,-2.44,-1.56
1,1546416579683,2.67,-2.38,-1.48
1,1546416579684,2.46,-2.3,-1.44
1,1546416579748,2.42,-2.3,-1.38
1,1546416579749,3.24,-2.48,-1.32
1,1546416579749,3.92,-2.59,-1.38
1,1546416579750,4.72,-2.55,-1.58
1,1546416579750,5.56,-2.5,-1.89
1,1546416579750,6.42,-2.3,-2.3
1,1546416579751,8.3,-2.16,-3.02
1,1546416579751,9.84,-2.18,-3.16
1,1546416579825,11.83,-2.03,-2.96
1,1546416579826,13.92,-1.34,-2.46
1,1546416579826,17.42,1.21,-1.52
1,1546416579826,19.04,2.81,-0.76
1,1546416579827,21.46,4.27,0.42
1,1546416579896,24.31,5.21,1.67
1,1546416579897,26.54,4.04,3.3
1,1546416579897,25.64,2.1,3.73
1,1546416579916,24.33,0.19,3.41
1,1546416579916,23.37,-1.26,2.73
1,1546416579916,21.81,-2.16,1.32
1,1546416579917,20.41,-1.87,1.17
1,1546416579917,19.19,-1.52,1.3
1,1546416579971,18.24,-0.72,1.5
1,1546416579971,16.13,-2.46,2.98
1,1546416579971,15.31,-4.35,3.88
1,1546416580046,14.43,-5.97,4.49
1,1546416580047,13.63,-6.75,4.7
1,1546416580067,12.92,-6.03,4.21
1,1546416580067,12.87,-4.9,3.73
1,1546416580067,12.87,-3.8,3.3
1,1546416580067,12.89,-2.89,2.79
1,1546416580068,12.73,-1.03,1.95
1,1546416580068,12.51,-0.41,1.28
1,1546416580121,12.28,-0.03,0.66
1,1546416580121,12.07,0.48,0.11
1,1546416580121,9.39,0.58,-0.5
1,1546416580134,9.0,-0.19,-0.31
1,1546416580135,8.69,-1.87,-0.29
1,1546416580135,8.67,-2.38,-0.33
1,1546416580135,8.51,-3.04,-0.39
1,1546416580135,8.3,-3.69,-0.46
1,1546416580197,8.14,-4.7,-0.39
1,1546416580198,8.18,-4.8,-0.44
1,1546416580199,8.32,-4.86,-0.42
1,1546416580199,8.39,-4.94,-0.41
1,1546416580199,8.3,-5.13,-0.66
1,1546416580200,8.59,-5.7,0.11
1,1546416580200,8.32,-5.83,-0.42
1,1546416580200,8.33,-5.5,-0.5
1,1546416580271,8.24,-5.58,-0.48
1,1546416580272,7.89,-6.32,-0.46
1,1546416580272,7.91,-6.79,-0.5
1,1546416580272,8.06,-7.24,-0.31
1,1546416580273,8.08,-7.22,-0.58
1,1546416580273,8.32,-6.38,-0.78
1,1546416580273,8.37,-6.36,-0.64
1,1546416580273,8.47,-6.52,-0.52
1,1546416580348,8.57,-6.75,-0.31
1,1546416580348,8.84,-7.2,0.17
1,1546416580348,9.0,-7.32,0.42
1,1546416580349,9.23,-7.38,0.7
1,1546416580349,9.47,-7.36,0.83
1,1546416580349,9.53,-6.99,0.99
1,1546416580349,9.45,-6.71,1.01
1,1546416580350,9.47,-6.58,0.97
1,1546416580421,9.51,-6.38,0.89
1,1546416580422,9.39,-5.93,0.93
1,1546416580422,8.76,-4.74,1.07
1,1546416580422,8.47,-4.16,1.28
1,1546416580423,8.32,-3.69,1.52
1,1546416580436,8.22,-3.45,1.91
1,1546416580437,8.39,-3.49,2.34
1,1546416580437,8.35,-3.51,2.34
1,1546416580496,8.16,-3.55,2.36
1,1546416580496,7.92,-3.59,2.36
1,1546416580503,7.55,-4.21,2.42
1,1546416580503,7.42,-4.84,2.48
1,1546416580504,7.3,-5.52,2.46
1,1546416580504,7.08,-6.32,2.48
1,1546416580504,6.62,-7.55,2.3
1,1546416580504,6.38,-7.85,2.07
1,1546416580571,6.15,-7.73,1.62
1,1546416580588,5.95,-7.22,1.07
1,1546416580589,5.76,-6.48,0.6
1,1546416580589,5.62,-5.37,0.52
1,1546416580589,5.64,-5.11,0.8
1,1546416580590,5.7,-4.74,1.21
1,1546416580590,5.76,-4.27,1.58
1,1546416580590,6.91,-3.59,2.42
1,1546416580646,7.38,-3.84,2.57
1,1546416580724,7.89,-4.37,2.65
1,1546416580798,8.35,-5.13,2.46
1,1546416580798,9.37,-6.07,1.79
1,1546416580799,10.01,-6.03,1.07
1,1546416580799,10.85,-5.95,0.19
1,1546416580800,11.79,-5.93,-0.62
1,1546416580800,13.75,-5.8,-1.97
1,1546416580801,14.51,-5.56,-2.22
1,1546416580801,15.0,-5.39,-2.28
1,1546416580875,13.02,-5.19,-0.11
1,1546416580876,8.57,-6.87,2.38
1,1546416580876,8.02,-6.87,2.32
1,1546416580877,7.12,-7.38,2.3
1,1546416580878,6.83,-7.63,2.34
1,1546416580878,6.71,-7.77,2.48
1,1546416580878,6.6,-7.77,2.69
1,1546416580878,6.56,-7.65,2.89
1,1546416580949,6.42,-7.5,2.96
1,1546416580950,6.46,-7.59,2.81
1,1546416580950,6.58,-7.75,2.55
1,1546416580957,6.66,-7.87,2.34
1,1546416580958,6.46,-7.94,1.95
1,1546416580958,6.11,-7.94,1.67
1,1546416580958,5.85,-7.91,1.5
1,1546416580959,5.78,-7.85,1.38
1,1546416581025,6.11,-7.42,1.52
1,1546416581041,6.25,-6.99,1.62
1,1546416581042,6.19,-6.4,1.73
1,1546416581042,6.15,-5.82,1.83
1,1546416581042,6.58,-5.03,1.93
1,1546416581042,6.75,-5.0,1.99
1,1546416581043,6.85,-5.07,1.99
1,1546416581098,6.85,-5.19,2.01
1,1546416581109,6.77,-5.31,2.03
1,1546416581109,6.52,-5.48,1.85
1,1546416581109,6.42,-5.58,1.69
1,1546416581110,6.46,-5.7,1.54
1,1546416581110,6.58,-5.91,1.38
1,1546416581110,6.79,-6.3,1.23
1,1546416581110,6.91,-6.19,1.15
1,1546416581171,7.07,-5.97,1.09
1,1546416581173,7.16,-5.78,1.01
1,1546416581174,7.24,-5.42,0.95
1,1546416581175,7.42,-5.29,0.89
1,1546416581175,7.77,-5.21,0.85
1,1546416581177,8.16,-5.27,0.85
1,1546416581179,8.61,-5.58,0.82
1,1546416581180,8.61,-5.68,0.68
1,1546416581251,8.55,-5.68,0.44
1,1546416581267,8.47,-5.42,0.21
1,1546416581268,8.63,-4.88,-0.19
1,1546416581268,9.37,-3.76,-0.46
1,1546416581269,9.55,-3.51,-0.52
1,1546416581269,9.76,-3.35,-0.58
1,1546416581269,10.01,-3.08,-0.58
1,1546416581270,10.64,-2.55,-0.5
1,1546416581323,10.8,-2.44,-0.42
1,1546416581323,10.89,-2.26,-0.23
1,1546416581324,10.91,-2.07,0.03
1,1546416581324,11.38,-1.69,0.58
1,1546416581324,11.83,-1.67,0.85
1,1546416581325,12.38,-1.71,1.05
1,1546416581325,12.71,-1.69,1.19
1,1546416581325,12.71,-1.46,1.26
1,1546416581400,12.3,-0.5,1.28
1,1546416581400,12.16,-0.07,1.4
1,1546416581400,12.05,0.15,1.52
1,1546416581411,11.93,0.25,1.67
1,1546416581411,11.85,0.17,2.07
1,1546416581412,11.85,0.07,2.22
1,1546416581412,11.69,0.05,2.3
1,1546416581479,11.28,-0.03,2.32
1,1546416581484,10.19,-0.13,2.42
1,1546416581485,9.66,-0.09,2.57
1,1546416581486,9.21,0.15,2.59
1,1546416581487,8.88,0.52,2.55
1,1546416581488,8.24,1.07,2.79
1,1546416581488,7.98,1.17,3.16
1,1546416581489,7.79,1.28,3.39
1,1546416581548,7.71,1.62,3.43
1,1546416581563,7.77,2.63,3.3
1,1546416581564,7.69,3.06,3.1
1,1546416581564,7.65,3.41,2.89
1,1546416581564,7.73,3.76,2.59
1,1546416581564,7.89,4.27,2.32
1,1546416581564,8.43,5.21,2.05
1,1546416581623,8.63,5.48,1.99
1,1546416581624,8.88,5.78,2.05
1,1546416581625,9.21,6.01,2.05
1,1546416581626,9.92,5.93,2.1
1,1546416581627,10.21,5.44,2.08
1,1546416581628,10.46,4.88,2.14
1,1546416581628,10.62,4.39,2.07
1,1546416581629,10.83,4.04,1.87
1,1546416581696,10.76,3.94,1.85
1,1546416581696,10.52,3.73,1.89
1,1546416581697,10.25,3.43,1.97
1,1546416581713,9.78,2.59,2.12
1,1546416581713,9.43,2.07,2.05
1,1546416581714,9.14,1.77,1.97
1,1546416581714,8.69,1.64,1.79
1,1546416581714,8.3,1.56,1.71
1,1546416581770,7.63,1.54,1.46
1,1546416581771,7.32,1.67,1.34
1,1546416581771,7.12,2.05,1.13
1,1546416581772,7.07,2.55,1.03
1,1546416581772,6.87,3.65,1.23
1,1546416581788,6.48,4.04,1.5
1,1546416581789,6.44,4.39,1.93
1,1546416581846,6.25,4.66,2.26
1,1546416581864,6.52,4.92,2.46
1,1546416581864,6.67,4.94,2.71
1,1546416581864,6.77,4.78,2.83
1,1546416581865,6.75,4.37,2.96
1,1546416581865,6.71,3.35,3.33
1,1546416581865,6.56,3.16,3.55
1,1546416581865,6.25,3.08,3.92
1,1546416581921,5.91,2.69,4.33
1,1546416581921,5.8,2.36,4.7
1,1546416581922,5.82,3.24,5.0
1,1546416581922,5.7,4.14,4.78
1,1546416581923,5.58,4.68,4.64
1,1546416581923,5.56,4.78,4.78
1,1546416581923,5.74,4.88,5.11
1,1546416581996,5.62,5.07,5.27
1,1546416581997,5.42,4.98,5.48
1,1546416581997,5.39,4.66,5.74
1,1546416581998,5.37,4.62,5.52
1,1546416581998,5.29,1.81,6.93
1,1546416581999,5.62,2.44,7.05
1,1546416581999,5.91,4.29,6.64
1,1546416582000,5.95,6.34,6.01
1,1546416582071,5.97,8.41,4.92
1,1546416582072,6.21,8.8,4.51
1,1546416582073,6.28,9.0,4.62
1,1546416582074,6.19,9.16,5.15
1,1546416582075,6.54,10.99,6.48
1,1546416582075,6.75,11.77,6.42
1,1546416582075,7.08,11.99,6.03
1,1546416582075,7.87,12.14,5.42
1,1546416582146,8.18,12.4,4.16
1,1546416582147,8.02,13.18,3.47
1,1546416582168,7.4,13.2,3.53
1,1546416582168,6.67,12.07,4.1
1,1546416582168,5.97,10.19,4.74
1,1546416582169,5.89,9.66,4.49
1,1546416582169,5.56,10.0,3.82
1,1546416582224,5.39,9.84,2.65
1,1546416582237,8.0,2.08,5.8
1,1546416582237,10.03,4.25,6.93
1,1546416582238,8.06,10.82,4.47
1,1546416582238,4.82,11.69,3.86
1,1546416582238,4.74,9.96,4.51
1,1546416582238,3.3,8.63,4.53
1,1546416582239,2.32,8.0,3.96
1,1546416582299,2.2,9.16,3.76
1,1546416582300,2.18,10.78,2.61
1,1546416582300,1.99,8.55,-0.27
1,1546416582300,1.85,7.61,-0.87
1,1546416582320,1.64,6.5,-1.19
1,1546416582320,1.42,5.78,-1.23
1,1546416582320,1.58,5.33,-0.76
1,1546416582374,1.6,5.64,-0.54
1,1546416582374,1.36,6.21,-0.21
1,1546416582374,1.34,6.54,0.6
1,1546416582375,2.03,6.83,1.97
1,1546416582389,2.28,6.73,2.26
1,1546416582391,2.65,6.66,2.3
1,1546416582392,3.02,6.75,2.24
1,1546416582393,3.26,6.89,2.22
1,1546416582449,3.37,7.48,1.95
1,1546416582470,3.78,7.81,1.73
1,1546416582470,4.35,8.39,1.44
1,1546416582470,4.82,8.37,1.85
1,1546416582470,5.44,7.55,2.3
1,1546416582471,5.33,7.5,2.32
1,1546416582471,5.37,7.24,2.3
1,1546416582471,5.76,7.32,2.14
1,1546416582523,6.21,8.04,1.5
1,1546416582523,6.3,8.39,1.15
1,1546416582524,6.56,8.53,0.8
1,1546416582538,6.56,8.59,0.82
1,1546416582539,6.3,8.47,1.07
1,1546416582539,6.38,8.71,1.23
1,1546416582539,6.44,8.82,1.44
1,1546416582597,6.36,9.02,1.64
1,1546416582598,6.26,9.25,1.62
1,1546416582598,5.78,8.55,1.79
1,1546416582598,5.89,8.24,2.18
1,1546416582599,5.82,8.0,2.4
1,1546416582599,5.82,7.71,2.83
1,1546416582626,6.28,7.4,4.06
1,1546416582627,6.36,7.38,4.51
1,1546416582671,6.48,7.53,5.05
1,1546416582672,6.25,7.61,5.05
1,1546416582673,6.44,7.34,4.7
1,1546416582673,5.97,7.77,4.47
1,1546416582673,5.58,7.2,4.25
1,1546416582673,5.48,6.89,3.88
1,1546416582674,4.35,6.67,2.94
1,1546416582748,3.8,6.09,2.65
1,1546416582748,3.24,5.54,2.34
1,1546416582755,2.73,5.21,2.28
1,1546416582755,2.24,4.92,2.14
1,1546416582755,1.99,5.25,2.28
1,1546416582756,1.66,5.41,2.34
1,1546416582756,1.32,5.21,2.42
1,1546416582756,1.3,5.23,2.63
1,1546416582822,0.91,5.19,2.71
1,1546416582853,0.97,5.41,2.65
1,1546416582855,0.74,5.56,2.42
1,1546416582855,0.82,5.82,2.38
1,1546416582856,0.87,6.32,2.32
1,1546416582857,0.87,6.38,2.32
1,1546416582858,1.01,6.58,2.3
1,1546416582859,0.97,6.81,2.32
1,1546416582930,1.15,7.14,2.34
1,1546416582931,1.26,7.34,2.4
1,1546416582931,1.34,7.5,2.59
1,1546416582932,1.48,7.65,2.77
1,1546416582932,1.93,8.04,2.91
1,1546416582932,2.85,8.63,3.22
1,1546416582933,3.43,9.04,3.32
1,1546416582977,3.94,9.33,3.55
1,1546416582980,4.41,9.45,3.76
1,1546416582981,5.09,9.57,4.31
1,1546416582981,5.09,9.39,4.27
1,1546416582982,5.0,9.02,4.21
1,1546416582984,5.05,8.86,3.65
1,1546416582985,4.76,10.41,2.14
1,1546416582986,4.66,10.89,1.64
1,1546416583052,4.47,10.72,1.13
1,1546416583052,4.23,10.29,1.07
1,1546416583053,3.84,9.66,1.17
1,1546416583053,3.78,10.0,1.23
1,1546416583054,3.76,10.64,1.36
1,1546416583054,3.9,11.38,1.44
1,1546416583054,3.9,12.05,1.03
1,1546416583126,4.37,12.96,0.13
1,1546416583127,4.53,13.06,-0.05
1,1546416583128,4.57,12.63,-0.21
1,1546416583128,4.8,12.32,-0.39
1,1546416583129,5.05,12.03,-0.76
1,1546416583129,5.15,11.85,-0.68
1,1546416583130,5.54,12.12,-0.58
1,1546416583130,5.76,12.73,-0.52
1,1546416583202,6.28,14.02,-0.03
1,1546416583204,6.5,14.84,0.03
1,1546416583206,6.67,15.07,0.05
1,1546416583208,6.93,15.05,0.0
1,1546416583210,7.16,14.08,-0.37
1,1546416583211,7.2,13.1,-0.39
1,1546416583212,7.1,12.63,-0.58
1,1546416583213,6.75,12.01,-0.54
1,1546416583274,6.4,11.01,-0.21
1,1546416583275,5.46,10.07,0.09
1,1546416583276,5.05,9.62,0.01
1,1546416583292,4.68,9.29,0.17
1,1546416583293,4.29,8.61,0.01
1,1546416583293,3.55,7.79,-0.46
1,1546416583294,3.24,7.36,-0.66
1,1546416583350,2.87,6.83,-0.8
1,1546416583351,2.67,6.25,-0.99
1,1546416583351,2.83,5.8,-0.83
1,1546416583352,2.79,5.46,-0.44
1,1546416583353,3.04,5.29,-0.29
1,1546416583353,3.2,5.33,-0.25
1,1546416583354,3.37,5.82,-0.03
1,1546416583355,3.35,6.25,-0.27
1,1546416583427,3.47,5.72,-0.33
1,1546416583428,3.8,5.6,-0.33
1,1546416583447,3.98,6.07,-0.35
1,1546416583449,4.55,7.48,-0.83
1,1546416583449,4.78,7.69,-0.85
1,1546416583450,5.03,7.57,-0.76
1,1546416583451,5.21,7.48,-0.52
1,1546416583500,5.56,6.97,-0.31
1,1546416583502,5.68,6.79,0.17
1,1546416583503,5.62,6.4,0.5
1,1546416583504,5.58,6.62,0.66
1,1546416583505,5.76,7.24,1.73
1,1546416583506,5.8,6.79,2.34
1,1546416583507,5.82,6.77,2.67
1,1546416583508,5.44,6.23,3.16
1,1546416583681,5.54,5.21,4.19
1,1546416583683,6.66,4.21,6.77
1,1546416583684,7.14,4.92,7.57
1,1546416583701,6.83,8.45,6.13
1,1546416583702,6.36,12.12,4.27
1,1546416583724,6.99,9.25,3.86
1,1546416583725,7.69,8.26,3.94
1,1546416583726,7.59,9.39,3.12
1,1546416583727,7.05,11.23,2.42
1,1546416583728,6.17,10.72,3.88
1,1546416583728,5.89,10.29,4.0
1,1546416583729,4.51,9.19,3.9
1,1546416583730,3.71,8.45,3.57
1,1546416583801,3.08,8.02,3.08
1,1546416583802,0.97,4.6,1.89
1,1546416583802,0.66,4.21,1.54
1,1546416583803,0.48,3.92,1.42
1,1546416583803,0.35,4.25,1.17
1,1546416583815,-0.33,3.53,1.07
1,1546416583815,-0.17,3.69,0.7
1,1546416583816,-0.19,4.0,0.39
1,1546416583874,-0.52,3.92,0.33
1,1546416583875,-0.33,5.01,-0.78
1,1546416583875,-0.48,6.25,-1.26
1,1546416583876,-0.62,6.93,-1.58
1,1546416583876,-0.64,7.46,-1.64
1,1546416583877,-0.62,8.06,-2.12
1,1546416583877,-0.54,8.98,-2.55
1,1546416583878,-0.52,10.03,-3.02
1,1546416583951,-0.5,10.85,-3.35
1,1546416583952,-0.48,11.66,-3.63
1,1546416583976,-0.05,12.98,-3.73
1,1546416583977,0.21,14.23,-2.42
1,1546416583977,0.42,17.87,-0.72
1,1546416583978,-0.01,18.2,-0.31
1,1546416583978,0.76,9.43,0.48
1,1546416583978,1.54,8.33,-0.82
1,1546416584022,1.17,9.29,-1.71
1,1546416584024,1.19,9.96,-2.67
1,1546416584024,1.71,11.07,-3.75
1,1546416584024,1.91,11.97,-4.04
1,1546416584025,1.52,12.75,-4.23
1,1546416584025,1.05,12.85,-4.29
1,1546416584025,0.42,13.35,-4.7
1,1546416584026,0.31,13.51,-5.17
1,1546416584098,0.37,13.26,-5.33
1,1546416584100,0.41,12.61,-5.76
1,1546416584101,0.39,12.34,-6.3
1,1546416584102,0.35,10.42,-6.58
1,1546416584103,0.42,9.6,-6.25
1,1546416584104,0.54,9.39,-5.82
1,1546416584105,0.48,9.74,-5.8
1,1546416584175,-0.42,9.94,-6.23
1,1546416584176,-1.07,10.09,-6.54
1,1546416584177,-1.46,9.72,-6.75
1,1546416584177,-1.81,9.25,-7.1
1,1546416584178,-2.03,8.55,-6.87
1,1546416584178,-1.73,8.02,-6.09
1,1546416584178,-0.97,7.77,-5.19
1,1546416584179,-0.27,7.81,-4.58
1,1546416584251,0.29,7.57,-3.71
1,1546416584251,0.42,6.23,-3.75
1,1546416584269,1.11,6.03,-3.92
1,1546416584269,0.68,6.81,-4.37
1,1546416584270,0.37,6.66,-4.16
1,1546416584270,0.5,6.32,-4.12
1,1546416584270,0.23,5.62,-3.96
1,1546416584270,0.11,5.07,-3.65
1,1546416584324,-0.27,4.51,-3.78
1,1546416584337,-0.48,5.33,-5.05
1,1546416584337,-0.23,5.68,-5.09
1,1546416584338,0.03,5.72,-5.52
1,1546416584338,0.27,5.29,-5.09
1,1546416584339,1.11,4.57,-4.9
1,1546416584339,1.52,4.53,-4.96
1,1546416584340,1.4,5.58,-4.47
1,1546416584398,0.87,5.15,-2.98
1,1546416584418,2.42,6.09,-2.46
1,1546416584418,2.46,8.08,-2.55
1,1546416584418,1.69,8.26,-2.61
1,1546416584419,1.4,7.1,-2.55
1,1546416584419,2.42,6.26,-2.38
1,1546416584419,2.65,6.66,-2.5
1,1546416584476,3.06,6.97,-2.71
1,1546416584477,3.71,7.34,-3.0
1,1546416584477,4.17,8.0,-3.65
1,1546416584478,4.51,8.45,-4.92
1,1546416584478,4.72,8.61,-5.13
1,1546416584478,4.58,8.65,-5.17
1,1546416584478,4.41,8.49,-5.39
1,1546416584479,4.68,8.88,-5.27
1,1546416584555,4.88,10.05,-6.03
1,1546416584555,4.96,11.87,-7.01
1,1546416584555,4.55,12.32,-7.38
1,1546416584555,4.53,10.56,-6.48
1,1546416584556,4.31,10.33,-6.83
1,1546416584556,4.53,9.8,-7.01
1,1546416584556,5.0,9.82,-6.83
1,1546416584623,4.41,11.58,-6.75
1,1546416584625,4.0,11.32,-6.6
1,1546416584626,4.51,10.78,-6.4
1,1546416584627,4.96,10.21,-5.87
1,1546416584628,4.82,9.58,-5.58
1,1546416584629,4.37,9.84,-5.48
1,1546416584629,4.16,9.84,-5.8
1,1546416584630,4.08,9.43,-6.11
1,1546416584701,4.04,9.06,-5.76
1,1546416584702,3.18,5.99,-4.66
1,1546416584703,2.85,4.96,-4.9
1,1546416584704,2.87,4.98,-5.19
1,1546416584704,2.16,4.19,-5.72
1,1546416584704,1.25,1.46,-6.79
1,1546416584705,0.56,1.46,-7.32
1,1546416584722,0.0,2.14,-7.73
1,1546416584775,-0.48,2.26,-7.79
1,1546416584787,-0.54,1.62,-6.97
1,1546416584787,-0.21,1.89,-5.89
1,1546416584787,0.83,3.16,-4.94
1,1546416584788,1.11,4.92,-4.45
1,1546416584788,0.29,6.17,-4.78
1,1546416584788,-1.34,7.4,-6.73
1,1546416584855,-1.79,6.09,-7.44
1,1546416584855,-1.91,4.39,-7.22
1,1546416584855,-1.6,3.47,-6.17
1,1546416584856,-0.68,4.49,-4.62
1,1546416584856,-1.15,4.41,-4.68
1,1546416584856,-1.28,4.31,-4.72
1,1546416584856,-0.66,4.9,-4.76
1,1546416584856,-0.48,5.42,-6.48
1,1546416584926,-0.56,5.5,-6.77
1,1546416584927,-0.56,5.29,-6.81
1,1546416584927,-0.62,5.56,-6.89
1,1546416584928,-0.54,5.83,-6.91
1,1546416584928,-0.52,5.8,-7.01
1,1546416584928,-0.39,5.64,-7.42
1,1546416584928,-0.31,5.99,-8.37
1,1546416584929,-0.21,6.38,-8.61
1,1546416584996,0.17,7.05,-10.39
1,1546416584997,0.39,7.53,-10.19
1,1546416585005,0.68,7.77,-10.72
1,1546416585005,0.5,7.77,-11.54
1,1546416585006,0.31,8.2,-12.16
1,1546416585006,0.25,8.84,-12.85
1,1546416585006,0.21,9.16,-13.08
1,1546416585075,0.17,9.6,-13.2
1,1546416585075,0.25,10.62,-13.0
1,1546416585091,0.37,10.68,-12.96
1,1546416585092,0.54,10.41,-12.71
1,1546416585092,0.5,9.88,-12.07
1,1546416585092,0.23,8.88,-11.77
1,1546416585092,0.09,8.73,-12.3
1,1546416585093,0.0,8.69,-12.59
1,1546416585167,0.0,8.86,-11.71
1,1546416585167,0.23,9.1,-11.26
1,1546416585167,0.23,8.06,-9.98
1,1546416585168,0.44,8.26,-9.17
1,1546416585168,0.82,7.69,-9.06
1,1546416585168,0.74,6.89,-8.35
1,1546416585168,0.54,5.99,-7.57
1,1546416585222,0.52,5.62,-7.34
1,1546416585241,0.64,5.44,-7.36
1,1546416585243,0.74,5.41,-7.01
1,1546416585244,0.83,4.7,-5.74
1,1546416585244,0.78,4.35,-5.13
1,1546416585245,0.78,4.06,-4.49
1,1546416585246,0.74,3.78,-3.9
1,1546416585247,0.42,2.75,-3.2
1,1546416585299,0.25,2.61,-3.12
1,1546416585300,0.23,2.81,-3.49
1,1546416585307,0.33,2.85,-3.57
1,1546416585308,0.42,3.14,-3.39
1,1546416585308,0.23,3.06,-4.12
1,1546416585308,0.23,3.1,-4.29
1,1546416585309,0.25,3.02,-4.35
1,1546416585309,0.46,3.22,-4.43
1,1546416585375,0.23,4.02,-4.96
1,1546416585377,0.31,4.16,-4.96
1,1546416585378,0.7,4.16,-4.86
1,1546416585380,0.87,4.37,-5.31
1,1546416585381,0.95,5.03,-6.64
1,1546416585382,0.95,5.11,-7.22
1,1546416585384,0.91,4.86,-7.69
1,1546416585458,0.95,4.72,-7.91
1,1546416585487,1.81,5.52,-7.63
1,1546416585488,2.22,6.4,-7.32
1,1546416585488,2.1,6.66,-6.91
1,1546416585488,2.07,6.32,-6.34
1,1546416585488,1.95,7.03,-6.28
1,1546416585489,1.09,7.71,-6.71
1,1546416585489,0.6,7.63,-7.24
1,1546416585527,0.91,7.48,-7.83
1,1546416585550,0.97,6.93,-8.37
1,1546416585550,2.1,7.32,-8.82
1,1546416585550,3.02,9.0,-8.98
1,1546416585551,3.76,10.37,-9.06
1,1546416585551,4.55,11.07,-9.0
1,1546416585551,5.31,11.21,-8.86
1,1546416585598,4.98,10.7,-9.27
1,1546416585598,4.9,10.35,-9.23
1,1546416585599,4.06,10.46,-8.94
1,1546416585615,2.65,9.86,-8.37
1,1546416585616,0.74,7.08,-7.46
1,1546416585616,0.5,6.91,-7.4
1,1546416585617,0.33,7.81,-7.81
1,1546416585617,0.25,8.67,-8.41
1,1546416585675,0.25,8.43,-8.69
1,1546416585675,0.19,7.46,-8.24
1,1546416585675,-0.07,6.42,-7.59
1,1546416585676,-0.37,4.86,-6.15
1,1546416585676,-0.42,4.47,-5.25
1,1546416585676,-0.27,4.72,-5.05
1,1546416585695,-0.25,5.05,-5.05
1,1546416585695,-0.33,5.44,-5.09
1,1546416585749,-0.64,6.13,-4.86
1,1546416585750,-0.82,6.15,-5.01
1,1546416585750,-0.95,6.15,-5.33
1,1546416585750,-1.03,6.13,-5.46
1,1546416585751,-0.95,5.93,-5.25
1,1546416585751,-1.21,5.83,-5.33
1,1546416585751,-1.19,5.78,-5.21
1,1546416585926,-0.99,5.8,-5.01
1,1546416585927,-0.74,6.19,-4.84
1,1546416585929,-0.35,6.79,-4.27
1,1546416585930,-0.07,6.71,-4.08
1,1546416585931,0.09,6.58,-4.29
1,1546416585980,0.19,6.6,-4.49
1,1546416585981,-0.03,6.19,-5.23
1,1546416585981,-0.21,5.82,-5.68
1,1546416585982,-0.25,5.62,-5.93
1,1546416585982,-0.15,5.54,-6.25
1,1546416585983,0.27,6.38,-8.28
1,1546416585984,0.35,6.54,-8.61
1,1546416585984,0.25,6.77,-9.06
1,1546416586050,0.21,6.87,-9.47
1,1546416586051,-0.62,8.51,-10.25
1,1546416586053,-0.52,8.53,-10.41
1,1546416586054,-0.44,8.47,-10.64
1,1546416586123,-0.39,8.84,-11.07
1,1546416586131,0.21,10.52,-12.36
1,1546416586132,0.72,10.35,-13.22
1,1546416586132,1.71,9.66,-13.8
1,1546416586132,2.73,9.12,-14.04
1,1546416586132,3.71,8.71,-14.12
1,1546416586132,3.94,8.61,-13.9
1,1546416586132,4.21,8.28,-12.94
1,1546416586201,4.25,7.36,-11.97
1,1546416586201,4.04,6.11,-11.32
1,1546416586202,2.87,5.74,-8.14
1,1546416586202,2.48,5.46,-7.26
1,1546416586203,2.34,5.13,-5.78
1,1546416586203,2.18,5.05,-5.29
1,1546416586204,1.91,4.84,-4.94
1,1546416586215,1.71,4.57,-4.43
1,1546416586275,1.6,3.75,-3.76
1,1546416586275,1.64,3.59,-3.43
1,1546416586276,1.69,3.76,-3.3
1,1546416586282,1.81,4.1,-2.96
1,1546416586282,2.24,4.29,-2.71
1,1546416586282,2.55,4.33,-2.51
1,1546416586283,2.87,4.33,-2.46
1,1546416586283,2.98,4.41,-2.42
1,1546416586351,3.18,4.64,-2.5
1,1546416586352,3.63,4.94,-2.63
1,1546416586353,3.73,5.03,-2.75
1,1546416586354,4.0,5.31,-2.85
1,1546416586355,4.23,5.54,-3.14
1,1546416586355,4.6,5.83,-3.33
1,1546416586356,4.78,6.09,-3.53
1,1546416586357,5.05,6.3,-3.82
1,1546416586455,5.33,6.52,-4.12
1,1546416586456,5.39,6.64,-4.43
1,1546416586456,5.42,7.1,-4.35
1,1546416586457,5.52,7.46,-4.21
1,1546416586457,5.42,7.69,-4.25
1,1546416586458,4.98,8.0,-5.07
1,1546416586458,4.88,8.2,-5.78
1,1546416586458,4.92,8.55,-6.64
1,1546416586499,5.07,9.1,-7.5
1,1546416586500,5.25,9.43,-8.41
1,1546416586525,5.99,10.15,-9.66
1,1546416586525,6.44,10.66,-9.43
1,1546416586526,6.71,10.83,-9.12
1,1546416586526,7.03,10.97,-8.75
1,1546416586526,7.42,10.93,-8.22
1,1546416586526,7.18,10.46,-7.83
1,1546416586658,6.54,9.8,-7.83
1,1546416586660,5.85,9.45,-7.81
1,1546416586673,5.31,10.17,-7.67
1,1546416586674,4.92,10.01,-7.03
1,1546416586674,4.6,9.23,-6.6
1,1546416586728,4.43,7.94,-6.25
1,1546416586729,3.73,6.19,-6.73
1,1546416586729,3.37,5.58,-6.66
1,1546416586801,3.1,5.09,-6.28
1,1546416586801,1.81,3.8,-4.98
1,1546416586802,1.69,3.9,-5.13
1,1546416586962,1.87,4.37,-5.66
1,1546416586963,1.52,4.08,-5.97
1,1546416586965,0.89,2.79,-6.01
1,1546416586966,-1.44,4.21,-8.02
1,1546416586967,-1.93,4.62,-8.26
1,1546416587067,-1.38,4.96,-7.67
1,1546416587067,-0.64,7.05,-7.83
1,1546416587068,-1.95,5.78,-7.16
1,1546416587068,-2.18,5.99,-7.28
1,1546416587068,-2.4,6.09,-7.55
1,1546416587069,3.96,8.67,-8.49
1,1546416587069,5.03,7.44,-8.63
1,1546416587069,6.5,8.88,-8.9
1,1546416587102,7.71,10.7,-9.6
1,1546416587104,1.83,5.19,-10.46
1,1546416587104,1.32,5.17,-9.41
1,1546416587105,0.39,5.54,-8.71
1,1546416587106,0.21,5.99,-8.02
1,1546416587106,-0.78,4.06,-7.75
1,1546416587108,-2.07,3.8,-7.65
1,1546416587108,-1.83,5.0,-6.95
1,1546416587171,-1.13,3.35,-7.92
1,1546416587172,-2.26,3.18,-7.44
1,1546416587173,-2.63,3.2,-5.62
1,1546416587173,-2.28,3.18,-5.41
1,1546416587174,-2.16,3.45,-5.35
1,1546416587175,-2.32,3.57,-5.48
1,1546416587334,-2.65,2.85,-5.23
1,1546416587334,-2.59,2.46,-5.11
1,1546416587397,-2.34,2.48,-5.01
1,1546416587473,-2.42,2.5,-5.07
1,1546416587494,-2.08,2.36,-5.74
1,1546416587496,-1.54,3.0,-5.72
1,1546416587497,-0.87,3.57,-5.58
1,1546416587498,-0.41,3.88,-5.48
1,1546416587499,0.46,4.64,-5.11
1,1546416587500,0.82,4.02,-6.23
1,1546416587501,3.24,9.14,-9.51
1,1546416587555,4.62,8.8,-5.8
1,1546416587557,6.83,6.75,-5.76
1,1546416587558,5.8,6.66,-6.09
1,1546416587560,5.44,6.48,-6.4
1,1546416587562,5.42,6.64,-6.75
1,1546416587563,5.44,6.64,-7.24
1,1546416587564,5.05,6.46,-8.51
1,1546416587565,4.55,5.97,-8.32
1,1546416587627,3.61,4.92,-7.57
1,1546416587642,3.0,3.92,-6.6
1,1546416587643,1.91,1.6,-5.17
1,1546416587644,1.3,1.09,-4.76
1,1546416587644,1.09,1.67,-4.31
1,1546416587645,0.8,2.42,-4.37
1,1546416587645,0.09,3.04,-5.35
1,1546416587646,0.07,2.18,-5.27
1,1546416587703,-0.09,1.17,-5.46
1,1546416587704,-0.37,1.28,-6.25
1,1546416587730,-1.07,1.28,-6.89
1,1546416587732,-1.97,1.66,-7.61
1,1546416587732,-2.07,1.73,-7.83
1,1546416587733,-1.97,2.42,-7.98
1,1546416587733,-1.91,3.41,-8.08
1,1546416587734,-1.95,3.65,-7.4
1,1546416587774,-1.64,4.16,-7.36
1,1546416587775,-1.52,4.88,-7.67
1,1546416587775,-1.58,5.09,-7.46
1,1546416587776,-0.09,5.46,-6.67
1,1546416587776,0.41,6.4,-6.36
1,1546416587777,0.5,7.4,-6.32
1,1546416587777,0.35,8.02,-6.79
1,1546416587852,0.52,7.55,-8.45
1,1546416587853,0.68,6.48,-9.16
1,1546416587881,0.64,5.85,-10.07
1,1546416587883,0.42,6.03,-10.64
1,1546416587883,0.31,6.99,-11.07
1,1546416587884,0.29,8.22,-11.81
1,1546416587885,0.19,7.94,-11.97
1,1546416587885,-0.15,7.69,-12.1
1,1546416587923,-0.41,7.71,-12.32
1,1546416587945,-0.76,7.67,-12.75
1,1546416587946,-0.54,8.12,-12.61
1,1546416587946,-0.66,7.77,-12.53
1,1546416587947,-0.46,7.57,-12.71
1,1546416587947,-0.25,7.61,-12.98
1,1546416587947,0.21,7.48,-12.89
1,1546416588001,0.27,7.03,-11.93
1,1546416588002,0.23,6.71,-11.83
1,1546416588004,-0.35,5.25,-12.42
1,1546416588005,-0.54,4.8,-12.16
1,1546416588009,-0.27,5.39,-11.89
1,1546416588010,-0.25,5.89,-11.97
1,1546416588011,-0.48,5.7,-11.81
1,1546416588012,-0.74,5.09,-10.39
1,1546416588077,-0.74,5.07,-9.98
1,1546416588100,-1.01,4.6,-10.03
1,1546416588101,-1.23,3.65,-11.01
1,1546416588102,-0.37,3.51,-10.91
1,1546416588102,0.03,3.59,-10.39
1,1546416588103,-0.01,3.45,-9.23
1,1546416588104,-0.33,3.32,-8.39
1,1546416588104,-0.54,4.19,-7.08
1,1546416588154,-0.6,4.23,-6.28
1,1546416588155,-0.66,3.84,-5.72
1,1546416588156,-0.6,3.94,-5.25
1,1546416588157,-1.36,3.88,-6.5
1,1546416588182,-1.42,3.69,-7.14
1,1546416588183,-1.11,3.41,-7.75
1,1546416588184,-0.54,3.3,-7.85
1,1546416588239,-0.07,3.16,-7.05
1,1546416588240,0.35,3.78,-5.17
1,1546416588240,1.38,5.72,-3.78
1,1546416588241,1.79,6.01,-3.63
1,1546416588241,1.52,5.17,-3.82
1,1546416588241,1.17,3.2,-4.51
1,1546416588241,1.19,2.53,-4.82
1,1546416588242,1.46,2.53,-5.05
1,1546416588297,1.77,2.83,-5.46
1,1546416588298,2.73,3.94,-5.54
1,1546416588299,2.92,4.57,-5.58
1,1546416588300,3.08,5.37,-5.76
1,1546416588300,3.16,6.25,-5.76
1,1546416588301,2.73,6.93,-5.62
1,1546416588301,3.02,7.1,-5.58
1,1546416588377,3.55,7.5,-5.56
1,1546416588378,3.69,7.89,-5.89
1,1546416588379,3.43,8.12,-6.34
1,1546416588380,3.14,8.57,-7.57
1,1546416588380,3.18,9.31,-8.41
1,1546416588381,3.28,9.84,-8.96
1,1546416588382,3.8,9.47,-7.96
1,1546416588382,4.72,9.86,-5.23
1,1546416588450,4.8,9.92,-4.62
1,1546416588466,4.76,9.76,-4.35
1,1546416588467,5.05,9.1,-4.66
1,1546416588467,5.62,8.8,-6.97
1,1546416588468,5.56,9.51,-7.89
1,1546416588468,5.01,10.7,-8.57
1,1546416588468,4.68,11.19,-8.86
1,1546416588469,5.03,10.05,-7.81
1,1546416588536,5.01,9.25,-7.03
1,1546416588538,4.86,9.14,-6.77
1,1546416588539,4.74,9.27,-6.42
1,1546416588540,4.47,8.94,-5.99
1,1546416588541,3.94,6.48,-4.1
1,1546416588542,3.67,5.01,-3.57
1,1546416588543,3.28,4.6,-3.65
1,1546416588597,2.73,4.92,-4.19
1,1546416588598,2.03,8.04,-5.62
1,1546416588599,1.01,9.14,-5.93
1,1546416588599,0.0,8.73,-5.07
1,1546416588599,-0.6,7.5,-3.76
1,1546416588600,-0.6,5.19,-2.03
1,1546416588600,-0.48,4.84,-1.62
1,1546416588602,-0.68,5.41,-1.87
1,1546416588673,-1.48,5.09,-2.65
1,1546416588674,-1.38,4.1,-2.26
1,1546416588674,-1.13,5.95,-2.57
1,1546416588674,-1.32,7.53,-3.12
1,1546416588675,-1.52,7.96,-3.51
1,1546416588684,-1.4,7.77,-3.59
1,1546416588684,-1.17,7.67,-3.73
1,1546416588749,-1.42,7.08,-3.71
1,1546416588750,-1.46,6.15,-3.47
1,1546416588751,-1.54,5.95,-3.35
1,1546416588751,-1.83,6.36,-4.02
1,1546416588752,-1.56,6.11,-4.53
1,1546416588753,-0.97,7.16,-5.35
1,1546416588756,-0.48,9.1,-5.89
1,1546416588758,0.05,12.34,-5.95
1,1546416588835,0.21,12.51,-5.25
1,1546416588836,0.58,11.91,-4.29
1,1546416588836,0.93,10.19,-3.18
1,1546416588836,1.56,7.53,-2.36
1,1546416588837,1.69,8.18,-3.16
1,1546416588837,2.05,8.28,-4.14
1,1546416588837,2.42,9.27,-5.48
1,1546416588837,2.3,11.48,-6.97
1,1546416588900,1.83,14.74,-7.59
1,1546416588900,1.85,14.29,-7.12
1,1546416588901,1.69,13.39,-6.67
1,1546416588901,2.07,12.77,-6.03
1,1546416588902,2.59,12.12,-5.46
1,1546416588919,2.71,11.95,-5.6
1,1546416588920,2.44,11.64,-5.76
1,1546416588975,1.93,11.44,-5.91
1,1546416588976,1.42,10.76,-6.58
1,1546416588976,0.93,10.01,-6.6
1,1546416588977,0.66,9.9,-6.71
1,1546416588977,0.58,9.8,-6.75
1,1546416588978,0.37,9.02,-6.36
1,1546416588978,0.35,8.96,-6.21
1,1546416588978,0.37,8.78,-6.17
1,1546416589048,0.48,8.3,-6.03
1,1546416589048,0.68,7.98,-5.87
1,1546416589145,1.25,8.12,-5.44
1,1546416589146,1.46,7.4,-4.78
1,1546416589147,1.58,6.66,-4.23
1,1546416589148,1.62,6.19,-3.8
1,1546416589149,1.34,5.93,-3.37
1,1546416589150,1.25,5.87,-3.12
1,1546416589151,1.26,6.05,-3.08
1,1546416589152,1.23,6.28,-2.94
1,1546416589205,1.46,6.19,-2.4
1,1546416589223,1.48,5.54,-1.64
1,1546416589223,1.38,5.68,-2.3
1,1546416589224,1.17,5.25,-2.94
1,1546416589224,1.17,5.27,-3.26
1,1546416589224,1.64,5.97,-3.65
1,1546416589224,1.89,6.07,-3.53
1,1546416589225,1.97,6.46,-3.53
1,1546416589278,2.22,7.03,-3.51
1,1546416589278,2.48,8.45,-3.28
1,1546416589279,2.5,9.08,-3.47
1,1546416589279,2.73,9.33,-3.18
1,1546416589279,2.94,8.71,-2.79
1,1546416589280,3.51,8.02,-1.89
1,1546416589280,3.67,8.51,-1.48
1,1546416589280,3.75,9.41,-0.91
1,1546416589350,3.92,10.7,-0.35
1,1546416589351,3.82,11.6,-0.15
1,1546416589377,4.88,12.48,0.23
1,1546416589378,5.27,13.14,0.54
1,1546416589379,5.44,13.18,0.19
1,1546416589379,5.93,13.39,-0.11
1,1546416589380,5.91,12.48,-0.74
1,1546416589380,5.82,11.83,-0.93
1,1546416589439,5.68,11.73,-1.13
1,1546416589439,5.5,11.81,-1.19
1,1546416589440,5.13,11.56,-0.87
1,1546416589440,4.98,11.48,-0.82
1,1546416589440,4.74,11.28,-0.7
1,1546416589440,4.49,10.85,-0.62
1,1546416589440,4.33,10.05,-0.25
1,1546416589441,4.27,9.94,-0.17
1,1546416589501,4.19,9.62,-0.15
1,1546416589503,4.16,9.29,-0.17
1,1546416589504,3.88,8.73,-0.19
1,1546416589505,3.22,7.28,-0.25
1,1546416589506,2.79,7.14,-0.52
1,1546416589507,2.48,7.12,-0.56
1,1546416589509,1.91,6.6,-0.6
1,1546416589576,1.23,5.66,-0.64
1,1546416589577,0.83,5.87,-0.68
1,1546416589577,0.56,6.23,-0.58
1,1546416589577,0.35,6.32,-0.39
1,1546416589578,0.23,6.15,-0.09
1,1546416589578,0.21,6.32,-0.05
1,1546416589578,0.07,6.71,-0.13
1,1546416589593,-0.05,6.87,-0.09
1,1546416589652,-0.05,7.2,-0.17
1,1546416589654,-0.07,7.24,-0.23
1,1546416589675,-0.17,7.12,-0.05
1,1546416589676,0.0,7.34,0.21
1,1546416589676,0.15,7.1,0.85
1,1546416589677,0.17,6.81,1.03
1,1546416589677,0.21,6.97,1.03
1,1546416589723,0.23,7.65,0.76
1,1546416589743,0.19,8.06,0.5
1,1546416589743,0.11,7.92,-0.01
1,1546416589743,0.11,8.12,-0.33
1,1546416589743,0.01,8.51,-0.56
1,1546416589744,-0.11,8.71,-0.5
1,1546416589744,0.17,9.14,-0.29
1,1546416589744,0.27,10.07,-0.31
1,1546416589799,0.33,11.32,-0.37
1,1546416589799,0.5,12.05,-0.31
1,1546416589799,0.89,12.91,0.07
1,1546416589800,0.82,13.61,0.21
1,1546416589800,0.66,14.16,0.48
1,1546416589800,0.56,14.29,0.8
1,1546416589800,0.66,14.12,1.21
1,1546416589877,0.68,13.98,1.15
1,1546416589878,0.64,13.84,0.93
1,1546416589879,0.64,13.45,0.82
1,1546416589896,0.27,12.3,0.31
1,1546416589896,0.09,11.81,0.11
1,1546416589897,-0.27,11.25,-0.01
1,1546416589897,-0.23,10.82,-0.05
1,1546416589897,0.05,10.83,-0.21
1,1546416589947,0.21,11.32,-0.31
1,1546416589948,0.25,11.67,-0.42
1,1546416589960,0.25,12.01,-0.39
1,1546416589961,0.27,11.81,-0.41
1,1546416589961,0.35,10.6,-0.29
1,1546416589961,0.46,9.53,-0.21
1,1546416589961,0.56,8.2,0.0
1,1546416589961,0.62,6.87,0.07
1,1546416590022,0.68,5.29,0.05
1,1546416590023,0.7,4.6,0.0
1,1546416590023,0.8,3.94,0.11
1,1546416590023,0.91,3.45,0.35
1,1546416590024,1.07,3.08,0.7
1,1546416590024,1.42,2.71,1.15
1,1546416590024,1.52,2.61,1.3
1,1546416590101,1.66,2.51,1.3
1,1546416590114,1.81,2.34,1.36
1,1546416590114,2.28,1.52,1.56
1,1546416590114,2.55,1.13,1.56
1,1546416590115,2.87,1.03,1.48
1,1546416590115,3.2,1.17,1.4
1,1546416590115,4.04,1.4,1.26
1,1546416590115,4.55,1.46,1.23
1,1546416590173,4.98,1.56,1.15
1,1546416590196,5.41,1.69,1.11
1,1546416590197,6.32,1.81,0.68
1,1546416590197,6.91,1.85,0.48
1,1546416590197,7.89,2.42,0.27
1,1546416590197,9.12,3.3,0.01
1,1546416590198,10.56,4.43,0.31
1,1546416590198,10.91,4.51,0.54
1,1546416590252,11.17,4.23,0.6
1,1546416590254,11.56,3.86,0.5
1,1546416590255,11.89,3.43,0.29
1,1546416590256,12.67,2.24,0.0
1,1546416590258,13.3,1.38,0.01
1,1546416590259,14.06,0.97,0.01
1,1546416590260,15.09,1.23,-0.03
1,1546416590323,16.71,2.07,-0.05
1,1546416590323,17.67,2.4,0.03
1,1546416590341,18.41,3.14,0.07
1,1546416590342,18.88,4.33,0.11
1,1546416590343,18.0,6.6,0.44
1,1546416590344,17.24,7.24,0.76
1,1546416590344,16.85,7.61,1.28
1,1546416590344,16.81,7.91,1.73
1,1546416590398,17.03,7.96,2.1
1,1546416590416,17.1,7.4,1.75
1,1546416590416,17.16,6.48,0.85
1,1546416590417,17.14,5.6,-0.01
1,1546416590417,16.99,4.98,-0.52
1,1546416590417,16.07,4.14,-0.93
1,1546416590417,15.15,3.45,-1.03
1,1546416590472,14.06,2.65,-0.76
1,1546416590473,12.94,2.01,-0.23
1,1546416590482,10.93,2.01,0.78
1,1546416590482,10.01,2.48,1.01
1,1546416590483,9.27,2.63,1.17
1,1546416590483,8.73,2.65,1.09
1,1546416590483,7.87,2.77,0.6
1,1546416590483,7.4,2.98,0.13
1,1546416590545,7.03,3.12,-0.54
1,1546416590551,6.58,3.24,-1.19
1,1546416590552,5.99,3.75,-1.83
1,1546416590553,5.68,4.04,-1.99
1,1546416590554,5.41,4.19,-2.12
1,1546416590555,5.15,4.31,-2.32
1,1546416590556,4.9,4.29,-2.26
1,1546416590625,4.88,4.49,-2.18
1,1546416590626,4.82,4.55,-2.22
1,1546416590644,4.6,4.51,-2.3
1,1546416590644,4.58,4.49,-2.32
1,1546416590644,4.96,5.0,-2.53
1,1546416590645,5.11,5.44,-2.61
1,1546416590645,5.29,5.8,-2.65
1,1546416590645,5.54,6.03,-2.77
1,1546416590696,6.32,6.48,-2.69
1,1546416590697,6.85,6.71,-2.61
1,1546416590717,7.32,6.91,-2.48
1,1546416590718,7.83,7.03,-2.48
1,1546416590718,8.69,6.97,-2.55
1,1546416590718,9.04,6.93,-2.87
1,1546416590718,9.45,6.75,-3.1
1,1546416590719,10.01,6.4,-3.28
1,1546416590854,11.83,5.41,-3.24
1,1546416590855,13.59,5.72,-3.0
1,1546416590856,14.12,6.17,-2.83
1,1546416590857,14.37,6.36,-2.55
1,1546416590858,14.39,6.42,-2.16
1,1546416590927,13.9,6.46,-1.77
1,1546416590928,13.32,6.23,-1.73
1,1546416590928,12.53,5.54,-1.69
1,1546416590929,12.1,4.62,-1.58
1,1546416590929,12.34,3.32,-1.58
1,1546416590930,13.28,1.81,-2.32
1,1546416590954,13.04,1.44,-2.32
1,1546416590954,12.53,1.07,-2.22
1,1546416591024,11.28,0.44,-1.5
1,1546416591025,8.59,0.07,-1.05
1,1546416591026,8.14,-0.15,-1.25
1,1546416591026,7.59,-0.19,-1.52
1,1546416591026,7.16,-0.17,-1.69
1,1546416591027,6.87,-0.27,-1.75
1,1546416591027,6.81,-0.48,-1.81
1,1546416591027,6.73,-0.78,-1.83
1,1546416591076,6.62,-0.95,-1.83
1,1546416591076,6.48,-1.77,-1.71
1,1546416591087,6.5,-2.26,-1.62
1,1546416591091,6.44,-2.65,-1.54
1,1546416591092,6.34,-2.89,-1.4
1,1546416591092,6.26,-3.1,-1.44
1,1546416591094,6.32,-3.41,-1.6
1,1546416591095,6.42,-3.32,-1.79
1,1546416591150,6.4,-3.33,-1.81
1,1546416591150,6.32,-3.33,-1.75
1,1546416591151,6.05,-3.33,-1.4
1,1546416591151,6.01,-3.1,-1.25
1,1546416591173,5.97,-2.65,-1.25
1,1546416591174,5.82,-2.24,-1.25
1,1546416591174,5.64,-1.66,-1.15
1,1546416591174,5.48,-1.48,-1.01
1,1546416591225,5.31,-1.32,-0.99
1,1546416591227,5.01,-1.21,-1.05
1,1546416591238,4.31,-1.17,-0.95
1,1546416591239,4.23,-1.19,-0.91
1,1546416591240,4.31,-0.8,-0.87
1,1546416591240,4.39,-0.29,-0.97
1,1546416591240,4.66,0.25,-1.03
1,1546416591240,5.74,0.62,-1.01
1,1546416591296,6.46,0.99,-1.07
1,1546416591298,7.1,1.26,-1.11
1,1546416591299,7.67,1.44,-1.32
1,1546416591299,8.71,1.32,-1.34
1,1546416591300,9.35,1.58,-1.42
1,1546416591300,9.84,2.07,-1.5
1,1546416591301,10.19,2.38,-1.54
1,1546416591301,10.56,2.32,-1.67
1,1546416591374,10.68,2.69,-1.77
1,1546416591391,10.58,2.87,-1.67
1,1546416591392,10.39,2.89,-1.48
1,1546416591392,10.13,2.53,-1.3
1,1546416591392,9.51,1.79,-1.34
1,1546416591393,9.1,1.62,-1.56
1,1546416591393,8.86,1.38,-1.6
1,1546416591451,8.76,1.17,-1.73
1,1546416591452,8.8,1.17,-2.1
1,1546416591454,8.98,1.05,-2.32
1,1546416591456,9.19,1.19,-2.34
1,1546416591459,9.37,1.3,-2.32
1,1546416591460,9.72,1.07,-1.75
1,1546416591461,10.15,0.74,-1.28
1,1546416591462,10.72,0.95,-1.15
1,1546416591523,10.89,1.19,-1.25
1,1546416591543,11.26,0.52,-1.05
1,1546416591545,11.46,0.46,-0.95
1,1546416591546,11.5,0.54,-1.01
1,1546416591547,11.71,0.54,-1.23
1,1546416591548,12.08,0.54,-1.4
1,1546416591549,12.75,0.56,-1.52
1,1546416591598,13.22,0.17,-1.25
1,1546416591606,13.96,-0.42,-0.8
1,1546416591607,14.57,-0.07,-0.85
1,1546416591607,15.11,0.35,-1.19
1,1546416591608,15.27,-0.13,-1.25
1,1546416591608,15.01,-0.42,-1.3
1,1546416591609,14.53,-0.82,-1.03
1,1546416591609,14.1,-0.99,-0.52
1,1546416591676,13.76,-0.68,-0.56
1,1546416591677,13.43,-1.3,-0.42
1,1546416591678,13.39,-1.38,-0.41
1,1546416591678,13.32,-0.27,-1.13
1,1546416591679,13.59,-0.74,-1.36
1,1546416591680,13.92,-0.87,-1.42
1,1546416591680,14.33,-0.78,-1.62
1,1546416591681,14.72,-0.78,-1.83
1,1546416591756,14.82,-1.11,-2.79
1,1546416591758,14.47,-1.21,-3.02
1,1546416591758,13.88,-0.41,-3.33
1,1546416591759,13.32,0.11,-4.21
1,1546416591760,11.11,-0.95,-9.06
1,1546416591824,12.77,-4.92,-4.21
1,1546416591825,15.83,-6.32,2.85
1,1546416591826,15.07,-2.53,3.49
1,1546416591827,14.94,-1.81,6.5
1,1546416591828,13.73,-2.46,4.98
1,1546416591829,12.98,-0.37,1.79
1,1546416591830,12.98,0.0,2.63
1,1546416591831,12.38,0.62,-3.37
1,1546416591982,12.1,3.1,-4.14
1,1546416591985,11.42,0.6,-3.67
1,1546416591987,12.18,-0.6,-2.51
1,1546416591988,12.5,3.37,-2.28
1,1546416591989,12.79,3.63,-1.66
1,1546416592052,12.96,2.12,-1.3
1,1546416592052,11.83,0.42,-2.4
1,1546416592053,11.87,0.03,-1.17
1,1546416592054,10.23,2.16,-5.35
1,1546416592054,19.0,-0.39,-2.12
1,1546416592055,18.45,1.11,-2.83
1,1546416592055,16.6,1.64,-10.66
1,1546416592055,14.51,1.5,-11.26
1,1546416592205,18.33,0.58,-1.46
1,1546416592206,15.6,3.88,-5.01
1,1546416592207,14.66,4.7,-6.25
1,1546416592228,14.16,5.87,-5.29
1,1546416592229,13.98,6.46,-4.45
1,1546416592273,13.78,5.25,-3.41
1,1546416592274,13.75,8.0,-0.05
1,1546416592275,11.56,9.66,0.01
1,1546416592275,10.19,9.74,-3.06
1,1546416592276,8.84,3.75,-4.37
1,1546416592277,8.73,3.3,-6.15
1,1546416592277,8.33,3.45,-6.66
1,1546416592277,8.26,1.11,-6.26
1,1546416592352,8.43,0.87,-5.66
1,1546416592355,7.81,1.64,-3.14
1,1546416592385,8.8,2.92,-3.22
1,1546416592386,8.78,2.71,-3.41
1,1546416592388,8.53,0.56,-2.79
1,1546416592388,8.65,1.3,-2.51
1,1546416592389,8.45,2.26,-2.77
1,1546416592390,7.85,2.08,-3.18
1,1546416592425,7.28,1.05,-3.45
1,1546416592427,8.1,1.17,-2.07
1,1546416592428,8.65,1.69,-0.95
1,1546416592428,9.1,2.34,-0.72
1,1546416592429,9.23,2.73,-0.82
1,1546416592430,8.0,3.3,-0.93
1,1546416592430,7.51,3.41,-0.87
1,1546416592431,6.85,2.36,-0.19
1,1546416592591,6.5,0.83,0.37
1,1546416592593,6.5,2.96,1.03
1,1546416592594,6.19,4.45,1.5
1,1546416592595,5.68,4.14,1.58
1,1546416592596,5.19,2.61,1.28
1,1546416592655,5.33,2.12,1.64
1,1546416592656,5.21,2.08,2.18
1,1546416592657,5.01,2.79,1.99
1,1546416592658,4.8,4.33,1.34
1,1546416592659,4.49,5.31,0.5
1,1546416592667,5.29,5.46,0.01
1,1546416592668,5.68,5.19,0.27
1,1546416592669,5.68,5.97,0.37
1,1546416592724,6.07,6.62,0.39
1,1546416592724,6.75,7.67,-3.35
1,1546416592725,6.34,7.01,-3.3
1,1546416592725,6.15,6.79,-3.65
1,1546416592725,6.48,7.12,-3.98
1,1546416592726,6.85,6.56,-4.94
1,1546416592726,6.69,5.89,-6.3
1,1546416592726,6.44,5.64,-6.83
1,1546416592799,6.46,6.13,-6.77
1,1546416592800,6.3,5.72,-6.4
1,1546416592800,6.42,5.19,-6.95
1,1546416592801,6.73,5.21,-7.32
1,1546416592801,6.67,5.21,-7.32
1,1546416592816,6.52,4.68,-7.71
1,1546416592817,6.64,4.88,-8.02
1,1546416592817,6.38,4.64,-7.96
1,1546416592879,6.09,4.23,-7.48
1,1546416592881,5.97,3.75,-7.38
1,1546416592882,6.03,3.3,-6.56
1,1546416592883,6.26,3.22,-6.4
1,1546416592885,6.34,3.16,-6.42
1,1546416592886,6.11,3.37,-6.73
1,1546416592887,5.42,2.53,-7.3
1,1546416592888,5.15,1.99,-7.71
1,1546416592949,4.51,1.6,-8.24
1,1546416592950,3.73,1.03,-8.65
1,1546416592951,2.85,-0.78,-8.59
1,1546416592969,2.79,-1.3,-8.75
1,1546416592970,2.96,-0.54,-8.65
1,1546416592971,3.35,0.66,-7.79
1,1546416592971,4.64,3.22,-7.79
1,1546416592972,4.86,5.78,-8.41
1,1546416593023,4.21,8.28,-8.45
1,1546416593023,2.98,8.59,-8.16
1,1546416593099,2.26,7.55,-7.73
1,1546416593100,1.36,7.36,-6.11
1,1546416593102,1.13,7.91,-5.6
1,1546416593103,0.93,8.14,-4.74
1,1546416593104,0.72,6.93,-4.55
1,1546416593105,1.32,3.92,-4.92
1,1546416593106,2.16,3.65,-4.96
1,1546416593107,3.22,4.49,-5.19
1,1546416593174,4.23,6.15,-4.84
1,1546416593174,4.94,5.27,-3.75
1,1546416593175,7.32,2.08,-1.34
1,1546416593175,7.48,2.55,-1.87
1,1546416593175,7.03,3.12,-3.04
1,1546416593175,6.4,4.39,-3.3
1,1546416593176,6.09,6.09,-2.85
1,1546416593176,7.63,10.97,-1.15
1,1546416593253,7.01,11.62,0.15
1,1546416593255,6.38,10.82,0.54
1,1546416593256,6.67,10.25,0.23
1,1546416593257,6.62,7.98,-0.76
1,1546416593258,5.29,5.78,-0.56
1,1546416593258,4.16,3.37,-0.01
1,1546416593259,3.86,2.03,0.48
1,1546416593261,4.58,5.11,-0.46
1,1546416593327,4.37,7.3,-0.66
1,1546416593337,4.51,8.06,-0.95
1,1546416593338,4.84,7.87,-1.25
1,1546416593338,3.96,7.01,-1.46
1,1546416593338,4.02,7.24,-0.89
1,1546416593339,4.41,7.69,0.01
1,1546416593339,5.11,8.75,1.17
1,1546416593340,5.11,9.1,0.03
1,1546416593398,3.12,10.48,-5.72
1,1546416593400,1.66,11.19,-5.89
1,1546416593401,1.93,9.53,-5.09
1,1546416593402,4.49,7.89,-3.49
1,1546416593402,6.28,6.3,-2.03
1,1546416593403,5.5,6.79,-1.46
1,1546416593404,5.52,7.14,-0.72
1,1546416593405,5.64,6.64,0.46
1,1546416593474,4.39,4.16,-0.21
1,1546416593474,3.94,3.06,-1.75
1,1546416593474,3.8,2.91,-3.55
1,1546416593475,3.61,2.59,-3.43
1,1546416593476,4.9,1.73,-2.57
1,1546416593477,6.79,3.3,-1.6
1,1546416593478,8.18,4.57,-0.48
1,1546416593479,9.68,5.31,-0.19
1,1546416593549,11.25,5.89,-0.95
1,1546416593551,11.23,7.01,-0.09
1,1546416593552,12.51,10.62,-3.92
1,1546416593554,13.02,9.27,-7.77
1,1546416593555,11.21,5.44,-10.0
1,1546416593556,6.77,5.95,-10.19
1,1546416593558,6.44,5.48,-8.22
1,1546416593559,7.5,2.69,-6.09
1,1546416593626,9.23,0.5,-3.82
1,1546416593626,10.52,1.66,-3.75
1,1546416593645,10.15,3.3,-4.78
1,1546416593646,9.9,4.33,-5.58
1,1546416593647,9.88,4.94,-5.89
1,1546416593647,9.98,4.86,-5.35
1,1546416593648,9.98,3.39,-4.23
1,1546416593708,10.39,2.91,-2.92
1,1546416593710,10.37,3.92,-1.91
1,1546416593711,9.82,5.58,-1.03
1,1546416593712,8.73,7.12,-2.85
1,1546416593713,8.84,6.64,-3.49
1,1546416593714,9.49,6.13,-4.02
1,1546416593715,9.94,5.82,-4.57
1,1546416593716,10.13,4.86,-4.37
1,1546416593786,10.15,4.23,-4.12
1,1546416593787,9.92,3.47,-3.71
1,1546416593787,9.51,2.38,-3.41
1,1546416593787,9.1,0.07,-2.69
1,1546416593788,8.88,-0.56,-2.08
1,1546416593788,8.57,-0.89,-1.25
1,1546416593788,8.32,-0.91,-0.6
1,1546416593788,7.79,-1.67,0.35
1,1546416593846,7.71,-1.97,0.37
1,1546416593867,7.57,-2.32,-0.03
1,1546416593867,7.77,-2.16,-0.52
1,1546416593868,8.35,-1.46,-1.44
1,1546416593868,9.14,0.54,-4.45
1,1546416593869,9.84,1.03,-5.13
1,1546416593927,10.48,1.58,-5.58
1,1546416593928,10.78,1.48,-5.76
1,1546416593928,11.5,2.59,-5.97
1,1546416593929,11.03,3.47,-5.8
1,1546416593929,10.78,3.49,-5.39
1,1546416593930,11.09,3.35,-4.98
1,1546416593930,10.52,4.14,-4.6
1,1546416593931,10.21,3.88,-4.86
1,1546416594011,9.94,3.8,-5.25
1,1546416594012,9.62,4.6,-5.31
1,1546416594012,9.02,5.85,-5.64
1,1546416594013,9.12,6.09,-5.87
1,1546416594013,9.21,6.34,-6.21
1,1546416594014,8.84,5.99,-6.32
1,1546416594014,8.67,5.44,-6.28
1,1546416594015,8.88,5.42,-6.03
1,1546416594155,8.65,6.13,-6.25
1,1546416594156,8.69,6.17,-5.93
1,1546416594156,8.69,4.64,-5.23
1,1546416594178,9.02,3.71,-4.76
1,1546416594179,9.16,3.98,-4.76
1,1546416594239,9.27,4.17,-4.86
1,1546416594240,9.31,4.62,-4.82
1,1546416594240,8.98,3.76,-7.07
1,1546416594240,9.62,1.21,-6.66
1,1546416594240,10.46,0.91,-5.89
1,1546416594241,10.37,1.6,-7.05
1,1546416594241,9.6,1.54,-5.48
1,1546416594241,9.29,1.56,-5.37
1,1546416594311,9.06,1.46,-5.5
1,1546416594311,8.12,-0.33,-4.68
1,1546416594312,8.53,-0.99,-4.04
1,1546416594312,8.65,-0.09,-3.94
1,1546416594312,8.41,0.6,-3.86
1,1546416594312,8.04,1.01,-3.65
1,1546416594312,8.14,1.58,-3.61
1,1546416594312,8.39,2.51,-3.84
1,1546416594373,8.32,3.16,-3.96
1,1546416594373,7.96,3.22,-4.19
1,1546416594399,7.69,2.67,-4.47
1,1546416594400,7.79,1.19,-5.05
1,1546416594400,8.1,1.81,-5.48
1,1546416594401,8.61,3.33,-5.5
1,1546416594401,8.98,4.86,-5.29
1,1546416594402,9.55,7.05,-5.93
1,1546416594454,9.64,7.4,-6.34
1,1546416594456,9.6,7.07,-6.42
1,1546416594458,9.6,6.89,-6.52
1,1546416594459,9.51,7.3,-5.72
1,1546416594460,9.16,7.85,-5.23
1,1546416594461,8.88,8.63,-4.98
1,1546416594462,8.75,9.29,-4.88
1,1546416594467,8.41,10.05,-4.92
1,1546416594524,8.32,10.03,-4.72
1,1546416594524,8.24,9.7,-4.58
1,1546416594525,8.14,9.33,-4.25
1,1546416594525,8.1,8.98,-3.88
1,1546416594525,8.51,8.53,-2.48
1,1546416594525,8.63,8.67,-2.26
1,1546416594526,8.28,9.21,-2.81
1,1546416594526,7.89,9.17,-3.08
1,1546416594615,7.55,6.95,-3.39
1,1546416594616,7.63,5.7,-3.39
1,1546416594617,7.71,4.66,-3.33
1,1546416594617,7.81,4.17,-3.39
1,1546416594617,7.48,3.9,-3.69
1,1546416594618,7.53,4.23,-3.78
1,1546416594618,7.32,4.94,-4.25
1,1546416594676,7.08,5.11,-4.66
1,1546416594677,6.58,4.92,-4.94
1,1546416594677,6.52,0.87,-4.19
1,1546416594677,6.52,-0.54,-3.3
1,1546416594677,6.87,0.35,-3.71
1,1546416594677,6.15,0.62,-4.45
1,1546416594678,7.34,-8.82,-1.99
1,1546416594678,13.55,-9.76,1.52
1,1546416594751,15.91,0.09,-3.76
1,1546416594751,4.86,8.86,-2.75
1,1546416594752,3.0,11.05,-1.26
1,1546416594752,7.69,10.29,-0.09
1,1546416594752,8.59,6.07,2.12
1,1546416594753,7.2,3.82,2.73
1,1546416594753,4.92,9.06,0.29
1,1546416594824,4.51,9.51,-0.97
1,1546416594834,4.37,8.86,-1.13
1,1546416594835,4.17,7.59,-1.19
1,1546416594836,4.21,8.75,-1.28
1,1546416594837,3.67,9.43,-1.42
1,1546416594838,3.9,9.78,-0.6
1,1546416594839,3.78,9.98,-0.48
1,1546416594840,4.25,11.17,-0.82
1,1546416594899,4.8,7.89,1.54
1,1546416594899,5.87,6.44,3.04
1,1546416594917,4.82,4.82,5.33
1,1546416594917,5.17,2.96,5.83
1,1546416594917,5.37,7.1,4.19
1,1546416594918,5.41,8.26,3.61
1,1546416594918,6.44,8.02,3.78
1,1546416594918,7.08,7.44,4.14
1,1546416594978,7.38,7.94,4.76
1,1546416594978,7.18,8.04,5.07
1,1546416594978,7.26,7.75,5.52
1,1546416594978,7.12,7.67,5.95
1,1546416594979,6.4,7.2,5.89
1,1546416594979,5.83,6.56,5.31
1,1546416594979,5.37,6.07,4.98
1,1546416595051,4.84,5.07,4.37
1,1546416595054,4.66,4.16,3.45
1,1546416595055,4.23,4.98,2.51
1,1546416595057,3.96,5.0,2.36
1,1546416595058,3.82,4.72,2.38
1,1546416595059,3.82,4.27,2.59
1,1546416595060,3.78,4.25,3.22
1,1546416595062,3.53,3.88,2.96
1,1546416595129,3.57,4.06,2.92
1,1546416595159,4.29,3.73,3.59
1,1546416595159,4.72,3.92,3.28
1,1546416595160,3.26,3.98,2.94
1,1546416595160,3.26,5.56,2.51
1,1546416595160,3.51,7.01,2.32
1,1546416595161,2.55,7.14,2.34
1,1546416595200,2.57,7.5,2.32
1,1546416595219,2.4,7.83,2.1
1,1546416595219,1.93,7.71,2.05
1,1546416595220,2.03,6.79,2.36
1,1546416595220,1.93,5.85,2.34
1,1546416595220,1.73,5.29,1.97
1,1546416595220,1.5,5.76,2.16
1,1546416595220,1.66,5.62,2.38
1,1546416595275,3.2,7.46,2.03
1,1546416595275,2.92,8.0,1.5
1,1546416595275,2.96,8.71,0.99
1,1546416595288,3.08,9.16,0.25
1,1546416595289,2.67,10.07,0.09
1,1546416595291,3.0,10.68,1.05
1,1546416595292,3.47,11.83,0.42
1,1546416595293,3.39,12.53,-0.42
1,1546416595378,2.91,10.7,-0.11
1,1546416595378,3.22,10.0,0.21
1,1546416595379,3.04,9.57,0.39
1,1546416595379,3.0,9.66,0.27
1,1546416595379,3.26,11.09,-0.29
1,1546416595379,3.75,10.83,-0.17
1,1546416595379,4.74,11.62,-0.29
1,1546416595423,5.37,13.75,-0.56
1,1546416595497,5.68,14.72,-0.19
1,1546416595574,6.79,14.55,-0.91
1,1546416595575,7.2,13.49,-0.56
1,1546416595575,7.69,12.07,-0.09
1,1546416595575,8.1,12.05,0.19
1,1546416595576,7.71,3.8,2.55
1,1546416595576,9.08,0.56,4.02
1,1546416595647,9.82,-0.17,3.67
1,1546416595648,9.62,-0.39,2.42
1,1546416595648,9.88,2.96,0.83
1,1546416595648,9.08,0.91,-0.13
1,1546416595649,9.14,0.85,0.15
1,1546416595649,9.33,0.95,0.48
1,1546416595649,9.39,1.26,0.78
1,1546416595649,9.39,1.28,0.87
1,1546416595724,9.53,1.17,0.85
1,1546416595725,9.57,1.17,0.91
1,1546416595725,9.7,0.93,0.82
1,1546416595725,9.86,0.6,0.76
1,1546416595726,10.05,0.46,0.37
1,1546416595726,10.46,0.23,0.0
1,1546416595726,11.3,0.19,-0.78
1,1546416595727,11.79,0.31,-1.03
1,1546416595797,12.4,0.5,-1.32
1,1546416595798,12.98,0.58,-1.69
1,1546416595807,14.14,0.95,-2.36
1,1546416595808,15.35,1.23,-2.91
1,1546416595808,15.89,1.32,-3.12
1,1546416595808,16.42,1.36,-3.41
1,1546416595808,16.99,1.26,-3.78
1,1546416595808,18.3,0.66,-4.51
1,1546416595896,19.0,0.54,-4.84
1,1546416595897,19.51,0.68,-5.23
1,1546416595897,19.53,1.19,-5.56
1,1546416595897,17.57,2.14,-5.78
1,1546416595897,16.15,2.32,-5.68
1,1546416595898,15.01,2.55,-5.44
1,1546416595898,14.19,2.81,-5.01
1,1546416595898,13.24,3.22,-3.67
1,1546416595948,13.04,3.41,-3.02
1,1546416595948,12.94,3.61,-2.46
1,1546416595959,12.57,3.88,-1.83
1,1546416595959,11.11,4.25,-1.21
1,1546416595960,10.5,4.12,-1.11
1,1546416595960,10.17,4.0,-0.85
1,1546416595960,10.01,3.88,-0.7
1,1546416595960,9.7,3.9,-0.62
1,1546416596023,8.69,3.57,-0.66
1,1546416596045,8.22,2.96,-0.83
1,1546416596046,7.89,2.28,-0.91
1,1546416596047,7.71,1.77,-0.76
1,1546416596047,7.44,0.89,0.44
1,1546416596048,7.12,0.25,1.5
1,1546416596048,6.79,-0.99,2.38
1,1546416596049,6.46,-2.32,2.96
1,1546416596101,5.89,-4.49,3.96
1,1546416596103,5.76,-5.09,4.06
1,1546416596104,5.7,-5.23,4.0
1,1546416596105,5.66,-5.0,3.75
1,1546416596108,5.93,-4.12,3.26
1,1546416596109,6.09,-4.02,3.26
1,1546416596112,6.32,-4.06,3.3
1,1546416596175,6.69,-4.1,3.33
1,1546416596175,7.05,-4.31,3.45
1,1546416596176,7.14,-5.52,3.63
1,1546416596177,7.46,-5.8,3.45
1,1546416596177,7.81,-5.93,3.18
1,1546416596177,8.12,-6.03,2.85
1,1546416596178,8.84,-6.01,2.32
1,1546416596178,9.23,-5.89,2.26
1,1546416596250,9.62,-5.78,1.99
1,1546416596275,10.0,-5.83,1.66
1,1546416596276,10.54,-6.23,1.5
1,1546416596276,10.62,-6.69,1.54
1,1546416596277,10.39,-7.38,1.56
1,1546416596277,10.09,-8.16,1.56
1,1546416596278,9.72,-9.39,1.46
1,1546416596326,9.98,-9.49,1.46
1,1546416596327,10.23,-9.21,1.13
1,1546416596327,10.37,-8.35,0.68
1,1546416596328,10.56,-7.16,0.48
1,1546416596348,10.46,-7.38,0.68
1,1546416596349,10.46,-7.83,0.85
1,1546416596350,10.58,-8.28,1.07
1,1546416596350,10.87,-8.53,1.28
1,1546416596397,11.48,-8.22,1.48
1,1546416596398,11.69,-7.98,1.62
1,1546416596398,11.87,-7.79,1.71
1,1546416596399,12.01,-7.75,1.75
1,1546416596399,11.91,-7.5,1.56
1,1546416596399,11.83,-7.4,1.46
1,1546416596399,11.73,-7.32,1.34
1,1546416596400,11.73,-7.53,1.32
1,1546416596471,11.38,-8.04,1.42
1,1546416596472,11.13,-7.89,1.46
1,1546416596472,11.03,-7.55,1.4
1,1546416596472,10.99,-7.08,1.38
1,1546416596494,10.8,-6.6,1.25
1,1546416596495,10.64,-7.07,1.58
1,1546416596495,10.41,-6.64,1.81
1,1546416596548,10.35,-5.72,2.26
1,1546416596549,9.58,-4.66,2.1
1,1546416596549,9.25,-6.03,1.91
1,1546416596562,9.02,-6.99,1.67
1,1546416596562,8.9,-6.75,1.4
1,1546416596563,8.82,-5.7,1.03
1,1546416596563,8.28,-3.92,0.85
1,1546416596564,7.92,-3.75,1.01
1,1546416596624,7.63,-3.61,1.19
1,1546416596624,7.51,-3.39,1.28
1,1546416596625,7.22,-2.48,1.42
1,1546416596625,7.08,-1.97,1.34
1,1546416596626,6.93,-1.48,1.32
1,1546416596626,6.71,-1.05,1.25
1,1546416596627,6.54,-0.07,1.36
1,1546416596700,6.56,0.09,1.44
1,1546416596704,6.67,0.17,1.64
1,1546416596705,6.83,0.27,1.81
1,1546416596706,6.93,0.62,2.12
1,1546416596707,6.81,0.7,2.22
1,1546416596708,6.67,0.87,2.26
1,1546416596709,6.62,1.09,2.26
1,1546416596710,6.54,1.48,2.26
1,1546416596778,6.36,2.14,2.26
1,1546416596780,6.21,2.34,2.24
1,1546416596781,5.95,2.38,2.12
1,1546416596781,5.7,2.48,2.05
1,1546416596782,5.46,3.08,2.05
1,1546416596785,5.44,3.33,2.08
1,1546416596786,5.44,3.43,2.05
1,1546416596787,5.5,3.35,2.01
1,1546416596848,5.82,3.18,1.81
1,1546416596849,6.11,3.2,1.6
1,1546416596849,6.32,3.32,1.4
1,1546416596850,6.5,3.47,1.21
1,1546416596850,7.38,3.84,0.95
1,1546416596850,8.08,4.02,0.8
1,1546416596851,8.82,4.17,0.64
1,1546416596926,9.7,4.43,0.54
1,1546416596928,10.74,4.9,0.52
1,1546416596929,13.08,6.32,0.48
1,1546416596931,14.23,6.87,0.25
1,1546416596932,15.33,7.26,-0.03
1,1546416596934,16.52,7.59,-0.41
1,1546416596935,18.59,7.22,-1.3
1,1546416596937,18.88,6.3,-1.71
1,1546416596998,18.8,5.11,-1.91
1,1546416596999,18.67,4.08,-1.97
1,1546416597001,18.51,2.55,-1.69
1,1546416597002,18.45,1.99,-1.34
1,1546416597002,18.47,1.67,-1.07
1,1546416597003,18.47,1.52,-0.91
1,1546416597003,18.39,1.34,-0.64
1,1546416597072,18.28,1.34,-0.72
1,1546416597072,17.94,1.32,-0.91
1,1546416597084,17.36,1.3,-1.13
1,1546416597084,16.71,1.34,-1.32
1,1546416597085,16.48,1.64,-1.64
1,1546416597085,16.58,1.56,-1.95
1,1546416597085,16.32,1.15,-2.14
1,1546416597085,15.93,0.8,-2.18
1,1546416597147,15.74,0.54,-2.4
1,1546416597148,15.62,0.54,-2.42
1,1546416597148,15.27,0.46,-2.44
1,1546416597149,15.09,0.25,-2.5
1,1546416597149,14.64,-0.42,-2.36
1,1546416597150,14.19,-0.46,-2.26
1,1546416597151,13.82,-0.39,-2.2
1,1546416597225,13.45,-0.37,-2.16
1,1546416597227,12.51,-0.89,-1.99
1,1546416597227,12.28,-1.23,-1.97
1,1546416597229,12.08,-1.48,-1.93
1,1546416597230,11.75,-1.66,-1.93
1,1546416597231,11.42,-1.81,-1.89
1,1546416597231,10.97,-1.95,-1.83
1,1546416597308,10.48,-1.99,-1.77
1,1546416597310,9.8,-1.93,-1.71
1,1546416597312,9.19,-1.81,-1.6
1,1546416597314,8.78,-1.66,-1.44
1,1546416597315,8.78,-1.67,-1.3
1,1546416597316,8.78,-1.81,-1.11
1,1546416597317,8.76,-1.91,-0.85
1,1546416597318,9.1,-2.5,-0.27
1,1546416597375,9.41,-2.92,0.0
1,1546416597375,9.39,-3.08,0.11
1,1546416597376,9.1,-2.92,-0.03
1,1546416597376,9.17,-1.95,-0.58
1,1546416597384,9.37,-1.48,-0.74
1,1546416597385,9.58,-1.13,-0.64
1,1546416597385,9.82,-0.7,-0.41
1,1546416597385,10.07,-0.03,-0.09
1,1546416597451,11.23,1.58,0.6
1,1546416597451,11.91,2.59,0.89
1,1546416597452,12.51,3.04,1.25
1,1546416597452,13.04,2.92,1.66
1,1546416597452,13.41,1.97,2.24
1,1546416597452,13.39,1.42,2.28
1,1546416597453,13.35,1.23,2.14
1,1546416597453,12.85,1.56,1.52
1,1546416597524,12.57,1.91,1.21
1,1546416597525,12.05,2.26,0.82
1,1546416597525,12.07,2.42,0.8
1,1546416597527,12.07,2.69,0.62
1,1546416597528,12.34,0.76,0.89
1,1546416597529,14.37,0.99,3.32
1,1546416597544,14.58,7.36,1.91
1,1546416597614,12.94,10.66,1.17
1,1546416597615,11.69,3.75,0.99
1,1546416597615,11.77,2.42,0.37
1,1546416597615,12.36,3.04,-0.17
1,1546416597616,12.59,4.51,-0.13
1,1546416597616,12.57,5.62,-0.05
1,1546416597616,11.99,6.58,0.0
1,1546416597616,11.52,6.73,-0.03
1,1546416597672,11.15,6.97,-0.21
1,1546416597687,10.8,7.22,-0.42
1,1546416597687,9.94,7.44,-0.7
1,1546416597687,9.47,7.57,-0.78
1,1546416597688,9.1,7.69,-0.82
1,1546416597688,8.76,7.71,-0.8
1,1546416597688,8.53,7.63,-0.7
1,1546416597688,8.69,7.46,-0.66
1,1546416597747,8.92,7.28,-0.72
1,1546416597748,9.1,7.07,-0.99
1,1546416597749,9.49,6.77,-1.52
1,1546416597749,9.72,6.62,-1.81
1,1546416597749,10.01,6.32,-2.12
1,1546416597750,10.39,5.83,-2.42
1,1546416597750,10.89,5.35,-2.65
1,1546416597824,12.1,4.6,-3.12
1,1546416597825,12.77,4.47,-3.24
1,1546416597825,13.43,4.41,-3.3
1,1546416597846,13.98,4.39,-3.33
1,1546416597847,14.43,4.31,-3.43
1,1546416597848,14.37,4.31,-3.39
1,1546416597849,14.04,4.43,-3.41
1,1546416597850,13.41,4.58,-3.33
1,1546416597905,12.12,4.64,-3.33
1,1546416597907,11.87,4.57,-3.35
1,1546416597910,11.79,4.43,-3.35
1,1546416597911,11.87,4.33,-3.41
1,1546416597914,12.2,4.51,-3.43
1,1546416597915,12.5,4.62,-3.45
1,1546416597916,12.79,4.76,-3.45
1,1546416597975,13.08,4.76,-3.28
1,1546416597989,14.02,4.35,-3.16
1,1546416597990,14.14,4.17,-3.04
1,1546416597990,13.92,3.86,-2.91
1,1546416597990,13.76,3.59,-2.85
1,1546416597990,13.71,3.28,-2.73
1,1546416597991,13.35,2.63,-2.32
1,1546416597991,12.96,2.28,-2.14
1,1546416598049,12.67,1.91,-1.93
1,1546416598057,12.42,1.6,-1.73
1,1546416598058,11.91,1.19,-1.26
1,1546416598058,11.73,1.07,-1.13
1,1546416598058,11.56,0.95,-0.99
1,1546416598059,11.42,0.8,-0.93
1,1546416598059,11.23,0.62,-0.87
1,1546416598059,11.23,0.6,-0.87
1,1546416598123,11.11,0.62,-0.87
1,1546416598125,11.05,0.68,-0.95
1,1546416598127,10.8,0.78,-1.15
1,1546416598129,10.66,0.76,-1.19
1,1546416598131,10.52,0.68,-1.21
1,1546416598132,10.33,0.6,-1.3
1,1546416598133,10.25,0.56,-1.38
1,1546416598200,10.15,0.5,-1.48
1,1546416598202,10.15,0.41,-1.56
1,1546416598202,10.17,0.31,-1.6
1,1546416598203,10.15,0.27,-1.69
1,1546416598204,9.92,0.19,-1.81
1,1546416598204,9.8,0.0,-1.93
1,1546416598205,9.68,-0.25,-1.91
1,1546416598205,9.62,-0.35,-1.87
1,1546416598277,9.31,-0.29,-1.85
1,1546416598278,9.12,-0.31,-1.87
1,1546416598350,8.75,-0.48,-1.75
1,1546416598350,8.35,-0.78,-1.66
1,1546416598350,7.98,-1.21,-1.44
1,1546416598351,8.16,-1.26,-1.5
1,1546416598351,8.28,-1.13,-1.54
1,1546416598351,8.08,-0.8,-1.62
1,1546416598351,7.63,0.19,-1.73
1,1546416598352,7.65,0.58,-1.87
1,1546416598425,7.65,0.85,-1.87
1,1546416598426,7.79,1.03,-1.85
1,1546416598427,9.43,1.75,-1.23
1,1546416598427,10.23,2.18,-0.99
1,1546416598427,11.91,3.06,-0.42
1,1546416598506,12.67,3.39,-0.19
1,1546416598508,13.28,3.63,0.07
1,1546416598509,13.73,3.76,0.27
1,1546416598510,13.86,3.96,0.54
1,1546416598511,13.57,4.04,0.66
1,1546416598512,13.08,4.0,0.72
1,1546416598514,12.4,3.78,0.64
1,1546416598515,11.4,3.14,0.72
1,1546416598574,11.01,2.92,0.72
1,1546416598575,10.15,0.23,1.64
1,1546416598576,12.28,0.25,2.81
1,1546416598577,11.75,8.32,1.26
1,1546416598577,9.58,8.69,0.76
1,1546416598578,10.11,0.97,1.46
1,1546416598579,10.62,1.01,0.7
1,1546416598579,10.91,1.97,-0.15
1,1546416598733,10.48,3.35,-0.03
1,1546416598735,10.48,5.01,0.39
1,1546416598736,10.46,5.19,0.5
1,1546416598736,10.39,5.15,0.54
1,1546416598737,10.37,5.13,0.39
1,1546416598804,10.19,5.48,0.13
1,1546416598804,10.03,5.66,0.07
1,1546416598815,9.94,5.74,0.09
1,1546416598815,10.0,5.7,0.11
1,1546416598816,11.64,5.41,-0.42
1,1546416598816,12.28,5.41,-0.48
1,1546416598816,13.47,5.93,-0.56
1,1546416598817,13.8,6.21,-0.52
1,1546416598882,13.88,6.46,-0.42
1,1546416598884,12.36,6.26,-0.5
1,1546416598884,11.97,5.8,-0.8
1,1546416598885,11.85,5.29,-0.97
1,1546416598885,12.48,4.49,-1.07
1,1546416598886,13.02,4.25,-0.95
1,1546416598887,13.57,4.06,-0.93
1,1546416598900,13.98,3.88,-0.91
1,1546416598951,14.31,3.67,-0.97
1,1546416598952,14.57,3.49,-1.01
1,1546416598952,14.41,3.55,-1.07
1,1546416598952,14.06,3.73,-0.95
1,1546416598952,13.65,3.86,-0.8
1,1546416598952,13.26,3.76,-0.6
1,1546416598953,12.94,3.51,-0.54
1,1546416598954,12.63,3.28,-0.41
1,1546416599122,12.4,3.1,-0.35
1,1546416599124,12.03,2.79,-0.35
1,1546416599124,11.83,2.46,-0.37
1,1546416599125,11.69,1.85,-0.42
1,1546416599161,11.5,1.23,-0.39
1,1546416599242,11.03,0.7,-0.27
1,1546416599242,10.78,0.78,-0.09
1,1546416599243,10.6,1.05,0.01
1,1546416599243,10.39,1.3,0.01
1,1546416599244,10.13,1.4,0.07
1,1546416599244,7.96,0.54,-0.23
1,1546416599245,7.75,0.64,-0.33
1,1546416599246,7.61,1.46,-0.35
1,1546416599250,7.61,1.79,-0.29
1,1546416599250,7.83,1.01,-0.41
1,1546416599251,7.94,1.3,-0.54
1,1546416599272,8.16,1.73,-0.82
1,1546416599273,8.59,2.4,-1.13
1,1546416599273,9.72,4.14,-1.56
1,1546416599273,10.07,4.76,-1.67
1,1546416599274,10.01,5.39,-1.77
1,1546416599320,9.53,6.01,-1.93
1,1546416599338,7.85,6.75,-1.34
1,1546416599338,6.81,6.5,-0.74
1,1546416599338,5.62,6.4,-0.19
1,1546416599338,4.74,6.93,0.11
1,1546416599339,4.43,9.16,0.19
1,1546416599339,4.62,10.33,0.11
1,1546416599339,5.0,11.01,0.11
1,1546416599399,5.58,11.15,0.15
1,1546416599419,6.46,11.25,-0.21
1,1546416599420,6.67,10.93,-0.21
1,1546416599420,6.85,10.27,-0.05
1,1546416599420,7.14,9.82,0.09
1,1546416599420,7.1,9.57,0.13
1,1546416599420,6.26,9.43,0.25
1,1546416599421,5.76,9.17,0.42
1,1546416599486,5.31,8.9,0.64
1,1546416599487,5.01,8.57,0.5
1,1546416599487,4.14,7.63,0.27
1,1546416599488,3.84,6.89,0.19
1,1546416599488,3.67,5.97,-0.03
1,1546416599488,3.55,5.23,-0.25
1,1546416599489,3.63,4.58,-0.5
1,1546416599489,3.84,4.8,-0.7
1,1546416599547,3.86,4.96,-0.85
1,1546416599548,3.9,4.72,-0.97
1,1546416599548,4.21,4.1,-1.15
1,1546416599548,4.25,3.59,-1.15
1,1546416599549,4.27,3.1,-1.15
1,1546416599549,4.55,2.85,-1.36
1,1546416599549,4.76,2.89,-1.69
1,1546416599549,4.8,2.48,-2.08
1,1546416599623,4.98,2.36,-2.34
1,1546416599640,5.03,2.61,-2.75
1,1546416599641,5.09,2.92,-3.08
1,1546416599642,5.72,2.92,-3.53
1,1546416599642,6.11,2.94,-3.65
1,1546416599642,6.32,3.02,-3.8
1,1546416599643,6.62,3.3,-4.0
1,1546416599705,7.38,4.19,-4.64
1,1546416599722,7.69,4.76,-5.44
1,1546416599723,7.92,5.0,-6.05
1,1546416599723,8.0,4.74,-6.69
1,1546416599723,7.98,3.76,-6.62
1,1546416599724,8.59,7.1,-5.72
1,1546416599724,8.28,8.14,-6.28
1,1546416599724,7.71,8.53,-6.5
1,1546416599788,9.7,6.38,-2.91
1,1546416599789,9.27,10.7,-4.47
1,1546416599790,7.36,11.81,-4.23
1,1546416599790,5.0,9.8,-4.33
1,1546416599790,6.11,7.81,-4.6
1,1546416599791,5.64,7.96,-5.91
1,1546416599791,5.66,7.75,-5.23
1,1546416599880,7.26,7.69,-3.1
1,1546416599881,7.28,7.73,-2.46
1,1546416599881,6.3,6.67,-5.72
1,1546416599882,5.78,5.85,-6.83
1,1546416599882,5.48,5.52,-7.61
1,1546416599883,5.85,5.6,-8.2
1,1546416599883,6.32,7.55,-9.43
1,1546416599884,6.25,7.94,-9.57
1,1546416599927,6.66,7.85,-8.63
1,1546416599939,7.38,7.96,-8.22
1,1546416599939,5.52,6.73,-6.73
1,1546416599939,5.35,4.64,-6.3
1,1546416599940,5.6,5.46,-6.95
1,1546416599940,5.54,7.07,-7.65
1,1546416599940,5.5,6.66,-7.98
1,1546416599997,6.3,2.44,-7.92
1,1546416600006,7.05,0.78,-7.34
1,1546416600007,7.98,0.52,-6.23
1,1546416600007,8.59,1.21,-5.87
1,1546416600008,8.82,3.3,-7.67
1,1546416600008,6.79,6.64,-5.09
1,1546416600009,2.87,1.75,-11.07
1,1546416600009,7.34,-0.48,-8.37
1,1546416600088,8.49,2.98,-4.43
1,1546416600088,7.1,2.28,-6.54
1,1546416600089,7.03,3.35,-6.89
1,1546416600089,5.99,3.59,-7.26
1,1546416600089,6.62,2.59,-7.16
1,1546416600089,7.42,2.98,-6.75
1,1546416600089,8.06,3.0,-8.24
1,1546416600090,7.18,3.57,-9.31
1,1546416600146,5.48,2.36,-7.79
1,1546416600146,5.93,3.59,-8.37
1,1546416600158,5.29,3.37,-9.23
1,1546416600158,5.35,3.59,-8.57
1,1546416600158,5.13,3.04,-8.53
1,1546416600159,5.07,3.35,-7.48
1,1546416600159,4.72,2.71,-7.18
1,1546416600226,4.62,2.44,-8.16
1,1546416600227,5.11,3.22,-8.59
1,1546416600227,5.09,3.51,-8.71
1,1546416600227,4.37,3.65,-8.84
1,1546416600227,3.92,2.96,-8.8
1,1546416600239,4.47,2.5,-8.96
1,1546416600240,4.68,3.3,-8.9
1,1546416600240,4.12,2.85,-9.04
1,1546416600298,4.49,2.34,-8.06
1,1546416600299,4.7,3.24,-7.22
1,1546416600300,3.04,3.33,-7.85
1,1546416600300,3.41,2.05,-8.33
1,1546416600308,3.88,1.83,-8.69
1,1546416600309,3.8,2.44,-8.82
1,1546416600310,3.37,2.77,-8.96
1,1546416600380,3.47,3.78,-9.66
1,1546416600381,3.39,2.87,-9.76
1,1546416600382,3.75,2.32,-9.53
1,1546416600383,3.61,3.33,-9.14
1,1546416600384,3.94,3.96,-8.08
1,1546416600384,4.02,4.41,-7.26
1,1546416600385,3.32,5.52,-6.91
1,1546416600386,3.04,5.29,-6.79
1,1546416600452,3.92,2.26,-8.35
1,1546416600453,3.71,4.0,-9.43
1,1546416600476,3.14,3.63,-9.19
1,1546416600477,3.84,2.89,-8.78
1,1546416600477,4.12,4.12,-8.39
1,1546416600478,3.98,3.88,-8.61
1,1546416600478,4.25,3.08,-8.45
1,1546416600479,4.17,2.53,-8.1
1,1546416600530,3.96,2.75,-8.53
1,1546416600531,4.02,2.79,-8.41
1,1546416600532,3.96,2.87,-8.32
1,1546416600532,4.12,3.02,-8.43
1,1546416600533,4.57,3.49,-9.06
1,1546416600534,5.66,2.91,-9.47
1,1546416600534,6.52,1.01,-9.16
1,1546416600601,7.05,0.41,-9.04
1,1546416600603,7.03,0.78,-9.78
1,1546416600604,7.18,0.46,-10.15
1,1546416600629,7.3,0.54,-10.07
1,1546416600631,7.08,0.74,-10.0
1,1546416600631,6.95,1.81,-10.44
1,1546416600632,6.67,3.35,-10.97
1,1546416600632,6.56,1.42,-9.41
1,1546416600676,6.28,-0.48,-7.79
1,1546416600677,5.91,0.52,-7.03
1,1546416600677,5.15,6.95,-6.5
1,1546416600678,5.44,4.16,-6.79
1,1546416600678,5.01,2.3,-7.57
1,1546416600679,4.58,3.94,-8.43
1,1546416600679,4.02,3.63,-8.55
1,1546416600751,4.55,2.85,-8.32
1,1546416600752,3.65,4.29,-8.47
1,1546416600753,2.91,4.86,-8.39
1,1546416600753,2.65,4.66,-8.26
1,1546416600754,1.6,4.33,-8.24
1,1546416600754,1.4,4.17,-7.91
1,1546416600755,1.5,4.49,-7.4
1,1546416600755,0.76,4.21,-8.28
1,1546416600824,1.95,2.67,-8.57
1,1546416600826,2.61,3.2,-9.68
1,1546416600827,3.06,3.92,-10.27
1,1546416600828,3.63,3.57,-10.09
1,1546416600828,4.58,4.14,-9.23
1,1546416600829,4.37,3.33,-8.47
1,1546416600830,4.29,2.34,-8.14
1,1546416600831,3.94,2.3,-5.46
1,1546416600897,1.42,2.89,-3.75
1,1546416600899,2.26,3.9,-3.53
1,1546416600899,3.0,4.76,-3.67
1,1546416600900,3.06,4.9,-4.45
1,1546416600900,3.04,4.78,-5.5
1,1546416600901,2.96,4.72,-7.63
1,1546416600901,2.55,4.51,-9.1
1,1546416600981,2.5,4.37,-10.44
1,1546416600983,2.79,4.19,-11.19
1,1546416600984,3.67,2.91,-11.5
1,1546416600985,3.86,2.63,-11.28
1,1546416601004,4.19,2.67,-11.13
1,1546416601006,4.31,1.87,-10.82
1,1546416601007,4.66,0.7,-9.84
1,1546416601008,4.45,1.97,-9.94
1,1546416601052,4.14,2.24,-10.56
1,1546416601053,4.74,0.66,-7.77
1,1546416601053,7.4,1.44,-3.24
1,1546416601054,6.71,3.37,-4.25
1,1546416601054,5.62,3.04,-5.29
1,1546416601069,6.21,1.97,-5.74
1,1546416601070,6.5,2.26,-6.3
1,1546416601125,5.58,3.1,-8.65
1,1546416601126,5.68,3.12,-9.14
1,1546416601127,5.83,3.43,-9.55
1,1546416601127,5.54,3.92,-9.74
1,1546416601128,5.31,2.73,-9.39
1,1546416601130,5.41,2.67,-9.14
1,1546416601131,5.23,2.73,-9.1
1,1546416601205,5.11,2.75,-8.92
1,1546416601206,4.94,2.38,-8.61
1,1546416601207,4.8,2.44,-8.67
1,1546416601207,4.72,2.57,-8.96
1,1546416601207,4.82,2.71,-9.0
1,1546416601208,5.03,3.47,-9.0
1,1546416601208,4.84,3.82,-8.98
1,1546416601209,4.86,3.59,-8.82
1,1546416601271,4.92,3.14,-8.78
1,1546416601272,4.84,3.32,-8.84
1,1546416601272,4.58,3.51,-8.82
1,1546416601273,4.8,2.2,-8.49
1,1546416601273,5.66,2.48,-8.3
1,1546416601282,5.8,3.2,-7.91
1,1546416601282,5.8,3.86,-7.75
1,1546416601282,5.42,3.0,-8.08
1,1546416601345,5.54,2.12,-8.33
1,1546416601345,5.76,1.79,-8.73
1,1546416601365,6.19,1.93,-9.08
1,1546416601366,6.05,2.26,-8.73
1,1546416601366,5.62,2.83,-8.14
1,1546416601366,5.19,3.02,-7.75
1,1546416601367,4.98,1.87,-7.4
1,1546416601422,5.13,1.28,-7.83
1,1546416601424,5.41,1.09,-8.04
1,1546416601424,5.8,1.01,-7.91
1,1546416601424,6.5,0.56,-7.73
1,1546416601424,6.64,0.87,-7.38
1,1546416601425,6.19,1.46,-7.03
1,1546416601425,5.74,1.17,-7.08
1,1546416601433,6.26,0.54,-7.44
1,1546416601498,7.32,0.13,-7.26
1,1546416601499,6.95,0.89,-7.53
1,1546416601521,6.85,1.62,-7.81
1,1546416601522,6.79,0.6,-8.0
1,1546416601522,5.82,1.3,-8.92
1,1546416601523,5.76,0.68,-8.69
1,1546416601524,5.82,-0.37,-8.28
1,1546416601525,5.68,-0.83,-8.14
1,1546416601577,5.31,0.35,-8.18
1,1546416601577,5.56,-0.19,-7.85
1,1546416601578,5.68,0.25,-7.75
1,1546416601578,5.17,1.3,-8.26
1,1546416601578,5.19,-0.48,-7.81
1,1546416601579,5.42,-0.7,-7.24
1,1546416601579,6.34,1.56,-6.91
1,1546416601579,7.24,3.32,-7.34
1,1546416601648,7.63,2.01,-6.71
1,1546416601649,7.42,2.42,-8.1
1,1546416601649,7.32,2.51,-8.04
1,1546416601649,7.91,1.69,-7.81
1,1546416601649,8.45,1.11,-6.69
1,1546416601649,8.12,0.11,-7.18
1,1546416601650,7.75,0.07,-7.2
1,1546416601726,7.59,0.27,-7.2
1,1546416601728,7.24,-0.03,-6.91
1,1546416601728,6.77,-0.11,-6.85
1,1546416601729,6.62,-0.05,-7.08
1,1546416601730,6.23,-0.76,-7.01
1,1546416601731,5.8,-0.85,-6.85
1,1546416601732,5.39,0.62,-7.26
1,1546416601732,5.31,0.72,-7.14
1,1546416601801,5.11,1.4,-7.18
1,1546416601822,5.0,1.42,-7.14
1,1546416601823,4.88,0.99,-7.77
1,1546416601823,4.7,1.34,-7.96
1,1546416601824,4.98,1.99,-7.71
1,1546416601824,5.35,2.26,-7.51
1,1546416601825,5.6,2.32,-7.53
1,1546416601873,6.11,2.24,-7.59
1,1546416601874,6.36,1.52,-7.75
1,1546416601950,6.58,0.74,-7.75
1,1546416601977,6.11,0.13,-7.85
1,1546416601978,6.4,1.07,-8.53
1,1546416601980,7.07,1.19,-8.24
1,1546416601980,6.71,0.56,-7.87
1,1546416601981,7.2,0.91,-7.44
1,1546416601982,7.2,1.3,-7.12
1,1546416601983,7.65,1.32,-6.66
1,1546416602024,7.28,1.3,-6.52
1,1546416602025,6.99,0.93,-6.42
1,1546416602027,6.38,0.56,-6.19
1,1546416602028,6.66,0.29,-6.23
1,1546416602028,6.89,1.25,-5.56
1,1546416602029,6.79,1.09,-5.23
1,1546416602029,6.93,0.5,-5.35
1,1546416602030,7.12,0.42,-5.0
1,1546416602099,6.34,0.19,-6.03
1,1546416602128,5.52,-0.62,-6.07
1,1546416602130,5.62,-0.07,-6.81
1,1546416602131,6.03,1.09,-7.4
1,1546416602132,6.11,1.52,-6.38
1,1546416602132,6.3,1.21,-4.98
1,1546416602133,6.42,0.66,-4.49
1,1546416602134,7.28,-0.5,-5.19
1,1546416602177,7.46,-0.72,-5.52
1,1546416602195,7.16,-1.46,-6.23
1,1546416602195,7.18,-1.93,-6.6
1,1546416602195,7.28,0.07,-5.97
1,1546416602196,6.99,1.21,-6.13
1,1546416602196,6.95,1.89,-6.09
1,1546416602196,7.01,2.01,-5.85
1,1546416602196,7.05,1.87,-5.85
1,1546416602246,7.3,0.64,-6.38
1,1546416602247,7.63,-0.09,-5.64
1,1546416602255,7.85,-0.66,-5.29
1,1546416602256,8.47,-0.21,-5.68
1,1546416602256,9.31,0.39,-5.27
1,1546416602256,9.6,0.21,-4.76
1,1546416602256,10.01,0.42,-4.41
1,1546416602257,9.96,0.6,-4.19
1,1546416602325,8.96,0.05,-5.0
1,1546416602326,8.98,-0.64,-5.13
1,1546416602327,8.96,-0.01,-5.23
1,1546416602328,8.76,0.62,-5.91
1,1546416602329,9.88,0.99,-4.92
1,1546416602330,10.46,1.36,-4.47
1,1546416602331,10.39,0.8,-4.49
1,1546416602332,10.5,0.35,-4.51
1,1546416602404,10.66,-0.03,-4.55
1,1546416602404,11.28,-1.13,-3.61
1,1546416602405,11.44,-1.64,-3.0
1,1546416602405,11.19,-2.28,-2.92
1,1546416602405,10.89,-2.18,-3.1
1,1546416602405,11.52,-0.11,-2.77
1,1546416602406,12.01,0.93,-3.08
1,1546416602472,12.22,0.93,-3.2
1,1546416602498,11.91,0.23,-3.14
1,1546416602499,11.11,-0.31,-3.53
1,1546416602500,11.17,-0.91,-2.83
1,1546416602501,10.93,-0.74,-3.18
1,1546416602501,10.93,-0.68,-3.41
1,1546416602502,11.26,-1.5,-2.96
1,1546416602502,11.23,-0.99,-2.96
1,1546416602554,11.23,-0.05,-3.2
1,1546416602555,11.34,-0.05,-4.23
1,1546416602556,12.67,-2.46,-4.29
1,1546416602556,12.73,-2.57,-3.76
1,1546416602557,12.63,-2.03,-3.39
1,1546416602558,12.48,-1.34,-3.24
1,1546416602558,12.32,-0.64,-3.3
1,1546416602625,11.58,-0.31,-4.88
1,1546416602642,12.18,0.0,-2.81
1,1546416602642,11.25,-0.21,-5.52
1,1546416602643,11.07,-0.19,-5.97
1,1546416602643,12.18,-0.07,-6.25
1,1546416602643,12.08,-0.31,-6.66
1,1546416602643,13.53,1.91,-4.8
1,1546416602643,11.69,5.01,-6.62
1,1546416602697,10.72,1.28,-5.66
1,1546416602698,10.01,4.19,-6.75
1,1546416602699,9.74,5.48,-6.69
1,1546416602700,9.78,3.37,-6.07
1,1546416602700,11.99,-1.4,0.56
1,1546416602701,13.35,0.23,5.7
1,1546416602702,10.42,-1.5,8.26
1,1546416602702,9.47,-4.68,7.77
1,1546416602773,8.96,-3.26,3.69
1,1546416602776,10.76,2.16,1.62
1,1546416602777,10.74,3.55,0.37
1,1546416602777,10.44,2.32,-0.27
1,1546416602778,10.74,2.89,-1.56
1,1546416602779,10.7,6.73,-3.8
1,1546416602779,10.91,4.6,-3.32
1,1546416602854,10.46,0.56,-8.1
1,1546416602855,14.12,3.71,-10.01
1,1546416602855,9.66,-9.06,9.35
1,1546416602855,9.88,-4.55,6.11
1,1546416602856,12.51,0.09,2.5
1,1546416602856,12.05,-0.19,0.62
1,1546416602856,12.67,1.97,-2.63
1,1546416602857,12.57,3.65,-3.86
1,1546416602923,12.46,2.34,-3.33
1,1546416602945,12.63,0.7,-2.69
1,1546416602946,12.91,0.37,-2.22
1,1546416602947,12.46,0.44,-2.96
1,1546416602947,12.36,0.5,-3.63
1,1546416602948,12.26,0.6,-4.53
1,1546416602948,12.07,0.8,-5.13
1,1546416603001,11.58,0.72,-5.48
1,1546416603004,11.34,0.56,-5.58
1,1546416603005,11.13,0.41,-5.7
1,1546416603007,11.01,0.07,-5.78
1,1546416603028,10.91,0.19,-6.17
1,1546416603029,10.83,0.42,-6.28
1,1546416603029,10.68,0.52,-6.6
1,1546416603030,10.62,0.8,-7.07
1,1546416603075,10.35,2.42,-7.1
1,1546416603076,9.9,2.14,-6.42
1,1546416603077,9.58,1.99,-5.93
1,1546416603077,9.35,2.24,-5.62
1,1546416603078,9.1,2.65,-5.58
1,1546416603078,8.61,3.12,-5.97
1,1546416603078,8.18,3.28,-6.15
1,1546416603147,7.81,3.41,-6.15
1,1546416603164,7.59,3.67,-6.11
1,1546416603164,7.53,4.72,-6.64
1,1546416603164,7.53,5.01,-6.71
1,1546416603165,7.5,5.09,-6.69
1,1546416603165,7.48,5.27,-6.64
1,1546416603165,7.01,5.09,-6.3
1,1546416603165,6.99,5.09,-6.13
1,1546416603221,7.16,5.64,-6.19
1,1546416603222,7.32,6.5,-6.26
1,1546416603231,7.61,6.73,-6.3
1,1546416603232,7.85,6.73,-6.21
1,1546416603232,8.14,6.48,-5.85
1,1546416603233,8.26,6.46,-5.54
1,1546416603233,8.26,7.38,-5.01
1,1546416603233,8.12,7.28,-4.53
1,1546416603298,8.2,6.87,-4.1
1,1546416603299,8.53,6.66,-3.69
1,1546416603299,8.94,6.5,-3.39
1,1546416603299,8.94,5.05,-1.42
1,1546416603299,9.23,5.44,-0.85
1,1546416603300,9.88,7.14,-0.82
1,1546416603314,10.5,8.43,-1.05
1,1546416603372,11.05,8.04,-0.27
1,1546416603373,11.48,7.55,0.07
1,1546416603374,11.95,8.24,0.01
1,1546416603375,11.83,8.33,-0.23
1,1546416603375,12.26,6.58,-0.39
1,1546416603376,12.2,4.06,0.19
1,1546416603377,11.58,0.99,1.19
1,1546416603377,11.17,-1.93,2.01
1,1546416603455,10.48,-4.45,0.8
1,1546416603455,9.96,-1.48,2.22
1,1546416603456,6.11,-13.92,6.15
1,1546416603456,6.91,-22.71,12.12
1,1546416603457,11.36,-7.38,7.57
1,1546416603457,9.33,3.26,4.31
1,1546416603457,8.16,5.95,3.98
1,1546416603525,7.87,5.19,4.25
1,1546416603527,7.28,2.38,3.57
1,1546416603528,7.57,2.63,-0.11
1,1546416603529,6.93,4.14,-0.87
1,1546416603530,7.1,4.29,-0.01
1,1546416603531,8.63,4.94,2.61
1,1546416603531,12.12,16.25,5.62
1,1546416603532,10.0,22.63,2.22
1,1546416603600,6.93,20.8,1.32
1,1546416603600,6.42,14.55,-0.72
1,1546416603618,7.2,2.59,-3.41
1,1546416603619,8.22,-2.75,-2.46
1,1546416603619,8.88,-7.89,-0.76
1,1546416603619,10.03,-7.85,-0.46
1,1546416603620,9.41,10.46,-0.7
1,1546416603620,8.9,11.91,0.35
1,1546416603673,10.93,6.62,2.01
1,1546416603684,11.34,4.29,2.18
1,1546416603684,9.55,5.62,1.91
1,1546416603684,7.85,7.89,1.73
1,1546416603684,8.0,6.52,1.91
1,1546416603685,7.63,5.5,2.05
1,1546416603685,6.79,5.46,1.67
1,1546416603750,5.42,8.35,0.93
1,1546416603769,5.44,7.03,1.91
1,1546416603772,5.27,6.21,2.67
1,1546416603773,4.39,7.63,3.37
1,1546416603774,3.92,9.74,4.47
1,1546416603775,4.23,9.78,4.53
1,1546416603776,4.14,9.74,4.58
1,1546416603776,4.02,6.71,4.29
1,1546416603822,3.57,7.91,3.63
1,1546416603835,3.18,6.85,4.0
1,1546416603898,3.86,6.48,4.41
1,1546416603923,3.32,8.51,4.82
1,1546416603924,3.61,7.22,5.62
1,1546416603924,4.04,4.96,6.17
1,1546416603925,3.22,3.9,5.76
1,1546416603925,2.57,6.11,5.33
1,1546416603925,2.73,7.05,5.72
1,1546416603926,3.8,5.85,6.4
1,1546416603973,3.53,5.74,5.97
1,1546416603999,3.49,5.46,5.7
1,1546416604000,3.73,4.62,4.53
1,1546416604000,4.39,4.74,4.98
1,1546416604000,4.6,4.84,4.49
1,1546416604001,4.68,5.0,3.9
1,1546416604001,4.62,4.47,3.35
1,1546416604001,4.58,4.39,2.98
1,1546416604050,5.21,5.15,3.22
1,1546416604051,5.68,5.52,3.2
1,1546416604051,5.78,5.7,3.22
1,1546416604051,5.97,5.66,2.92
1,1546416604052,6.13,6.01,2.51
1,1546416604052,5.97,5.52,2.32
1,1546416604077,5.93,5.31,2.34
1,1546416604077,5.97,5.52,2.2
1,1546416604127,5.64,5.44,1.87
1,1546416604128,5.35,4.8,1.42
1,1546416604128,5.83,5.19,1.28
1,1546416604128,6.48,5.66,1.28
1,1546416604128,6.71,5.93,1.67
1,1546416604128,6.3,6.25,2.1
1,1546416604129,6.23,5.91,2.18
1,1546416604129,6.32,5.82,2.08
1,1546416604198,6.09,5.56,1.95
1,1546416604199,5.74,4.58,2.1
1,1546416604200,5.64,4.31,2.12
1,1546416604221,5.68,4.68,1.87
1,1546416604221,5.99,5.33,2.34
1,1546416604222,6.52,5.17,2.67
1,1546416604222,6.69,5.33,2.32
1,1546416604222,6.56,5.0,2.18
1,1546416604274,6.36,4.43,2.28
1,1546416604275,6.26,4.49,2.2
1,1546416604275,6.36,4.92,1.34
1,1546416604276,6.01,4.21,1.09
1,1546416604287,5.6,2.57,0.7
1,1546416604287,6.34,3.71,1.54
1,1546416604288,7.03,4.51,1.15
1,1546416604288,6.79,4.47,1.03
1,1546416604350,6.56,3.94,0.64
1,1546416604351,7.26,3.94,-0.33
1,1546416604428,8.78,4.68,-0.09
1,1546416604429,8.82,4.33,0.19
1,1546416604430,9.08,4.82,0.0
1,1546416604443,9.17,5.13,-0.03
1,1546416604445,9.02,4.7,0.05
1,1546416604445,9.35,4.66,-0.37
1,1546416604446,9.76,5.03,-1.09
1,1546416604447,9.35,4.76,-1.66
1,1546416604499,9.17,4.7,-1.32
1,1546416604500,10.33,4.41,-0.8
1,1546416604501,11.15,4.51,-0.37
1,1546416604501,10.8,3.8,-0.19
1,1546416604502,10.74,3.86,-0.25
1,1546416604502,11.05,4.45,-0.58
1,1546416604503,11.52,4.84,-0.83
1,1546416604503,11.6,4.66,-0.64
1,1546416604576,11.6,4.19,-0.52
1,1546416604578,11.89,4.43,-0.56
1,1546416604596,11.71,4.96,-1.19
1,1546416604598,11.11,4.19,-1.23
1,1546416604599,10.74,3.16,-1.17
1,1546416604600,10.41,2.77,-1.09
1,1546416604601,10.54,3.82,-1.48
1,1546416604602,10.58,3.94,-1.25
1,1546416604652,10.58,3.49,-0.95
1,1546416604654,10.56,3.14,-0.72
1,1546416604655,10.41,3.57,-0.83
1,1546416604657,10.11,3.57,-0.78
1,1546416604658,10.17,3.1,-0.44
1,1546416604660,10.6,3.1,-0.27
1,1546416604663,10.93,3.37,-0.31
1,1546416604665,11.64,4.84,-1.09
1,1546416604722,11.89,5.89,-0.87
1,1546416604724,11.38,5.89,-0.85
1,1546416604724,10.8,4.94,-0.91
1,1546416604725,10.58,4.88,-1.42
1,1546416604725,10.03,4.41,-2.3
1,1546416604726,10.42,4.55,-2.4
1,1546416604726,10.62,4.25,-1.11
1,1546416604727,11.05,-0.64,1.67
1,1546416604799,11.42,-1.58,0.03
1,1546416604811,12.5,0.03,-0.5
1,1546416604811,14.76,1.01,0.68
1,1546416604812,12.08,1.09,-0.48
1,1546416604812,9.72,0.58,-2.63
1,1546416604812,9.62,-0.95,-3.18
1,1546416604813,10.31,0.29,-4.02
1,1546416604813,10.8,2.18,-8.65
1,1546416604876,13.84,9.45,-11.69
1,1546416604878,11.64,18.39,-16.38
1,1546416604880,8.24,14.6,-13.28
1,1546416604881,8.76,5.62,-8.71
1,1546416604882,10.21,0.37,-6.5
1,1546416604882,8.82,-0.7,-4.76
1,1546416604884,8.37,-2.5,-2.46
1,1546416604885,8.8,-2.51,-1.25
1,1546416604962,8.33,0.58,-1.36
1,1546416604963,7.94,0.44,-0.78
1,1546416604963,8.14,0.27,-0.31
1,1546416604964,8.3,0.44,-0.44
1,1546416604964,8.24,-0.78,0.56
1,1546416604964,9.88,-2.89,6.19
1,1546416604965,8.51,-6.28,10.5
1,1546416605024,9.96,-6.4,12.71
1,1546416605045,9.35,-5.11,10.78
1,1546416605045,9.68,-5.0,9.39
1,1546416605046,10.46,-1.67,7.5
1,1546416605046,10.35,0.6,6.69
1,1546416605046,10.31,0.56,6.03
1,1546416605048,10.19,0.23,1.05
1,1546416605048,11.01,2.12,-2.1
1,1546416605100,11.73,4.94,-3.49
1,1546416605111,12.01,4.98,-3.43
1,1546416605111,12.51,0.85,-3.55
1,1546416605112,13.06,0.29,-1.89
1,1546416605112,13.73,0.17,-0.23
1,1546416605112,14.06,0.6,0.35
1,1546416605113,13.86,0.54,0.87
1,1546416605175,14.16,0.39,-0.03
1,1546416605176,14.51,-0.19,0.7
1,1546416605176,13.24,-1.91,2.01
1,1546416605177,14.04,-0.85,1.6
1,1546416605177,14.43,0.37,0.25
1,1546416605177,14.39,1.25,-0.66
1,1546416605177,14.29,1.75,-1.11
1,1546416605178,13.94,1.5,-1.26
1,1546416605268,13.1,0.35,-1.54
1,1546416605269,12.92,0.21,-1.71
1,1546416605270,12.79,0.07,-1.73
1,1546416605271,12.53,-0.15,-1.67
1,1546416605272,11.83,-0.82,-1.71
1,1546416605273,11.73,-0.7,-1.87
1,1546416605274,11.64,-0.19,-2.03
1,1546416605274,11.54,0.48,-2.28
1,1546416605327,11.36,1.09,-2.61
1,1546416605327,11.28,1.05,-2.85
1,1546416605328,11.34,0.78,-3.08
1,1546416605328,11.46,0.6,-3.37
1,1546416605328,10.91,0.09,-3.61
1,1546416605347,10.03,-0.42,-3.67
1,1546416605348,9.14,-0.78,-3.73
1,1546416605401,8.53,-0.85,-3.82
1,1546416605413,7.69,0.0,-3.82
1,1546416605413,7.5,0.62,-3.67
1,1546416605413,7.51,1.28,-3.39
1,1546416605414,7.42,1.95,-3.2
1,1546416605415,7.46,2.24,-2.22
1,1546416605415,6.93,2.65,-1.91
1,1546416605416,6.71,2.77,-1.67
1,1546416605474,6.75,2.67,-1.58
1,1546416605475,7.05,2.51,-1.67
1,1546416605476,7.57,2.36,-1.42
1,1546416605476,7.83,2.65,-1.15
1,1546416605476,7.98,2.96,-0.83
1,1546416605477,7.98,3.24,-0.41
1,1546416605477,8.22,3.2,-1.05
1,1546416605550,8.51,1.95,0.39
1,1546416605573,8.9,0.5,3.82
1,1546416605574,8.16,4.17,2.59
1,1546416605575,9.27,-1.91,16.46
1,1546416605576,10.37,-7.87,21.09
1,1546416605577,11.73,-6.38,19.55
1,1546416605578,11.01,2.61,12.77
1,1546416605579,9.55,11.23,5.6
1,1546416605645,5.62,9.96,-0.87
1,1546416605646,6.48,5.7,-1.44
1,1546416605646,7.77,3.24,-1.46
1,1546416605647,8.37,2.38,-1.48
1,1546416605647,7.83,2.16,-1.56
1,1546416605647,7.63,2.42,-1.62
1,1546416605648,7.73,2.61,-1.6
1,1546416605648,8.06,2.4,-1.3
1,1546416605698,8.12,1.38,-1.13
1,1546416605700,7.89,0.78,-0.85
1,1546416605702,7.75,0.35,-0.68
1,1546416605703,7.69,-0.01,-0.72
1,1546416605705,7.55,-0.01,-0.91
1,1546416605705,7.12,0.42,-1.4
1,1546416605707,6.79,0.27,-1.34
1,1546416605772,6.6,0.01,-1.07
1,1546416605789,6.54,0.31,-0.95
1,1546416605791,6.28,0.64,-0.83
1,1546416605791,6.32,0.44,-0.5
1,1546416605792,6.6,0.7,-0.6
1,1546416605792,6.97,1.79,-0.74
1,1546416605793,7.12,4.84,-1.25
1,1546416605794,7.3,5.42,-1.38
1,1546416605849,7.79,5.54,-1.6
1,1546416605851,8.41,5.39,-1.89
1,1546416605852,9.55,4.96,-2.73
1,1546416605870,10.05,4.6,-3.0
1,1546416605871,10.68,4.27,-3.22
1,1546416605871,11.58,4.08,-3.35
1,1546416605872,12.75,4.21,-3.55
1,1546416605947,15.0,5.76,-4.21
1,1546416605947,15.76,6.95,-4.37
1,1546416605947,15.72,7.94,-4.35
1,1546416605947,14.76,8.61,-4.08
1,1546416605948,12.1,8.3,-3.67
1,1546416605948,11.93,7.91,-3.94
1,1546416605948,12.65,9.19,-5.19
1,1546416605948,12.05,7.08,-5.05
1,1546416605996,13.14,2.77,-4.7
1,1546416605997,14.62,2.44,-4.53
1,1546416606017,15.66,3.73,-5.31
1,1546416606018,15.37,4.0,-6.03
1,1546416606018,14.0,-0.58,-4.96
1,1546416606018,13.78,-1.13,-4.41
1,1546416606018,13.0,-0.37,-4.02
1,1546416606019,12.01,0.39,-3.63
1,1546416606074,10.41,1.62,-3.32
1,1546416606074,9.7,1.89,-3.26
1,1546416606149,8.9,1.75,-3.22
1,1546416606170,8.08,1.38,-3.12
1,1546416606170,7.36,1.15,-3.02
1,1546416606171,6.34,0.95,-2.96
1,1546416606171,6.01,0.93,-3.02
1,1546416606171,5.76,0.97,-3.18
1,1546416606171,5.6,1.05,-3.3
1,1546416606171,5.42,1.09,-3.35
1,1546416606222,5.54,1.3,-3.33
1,1546416606222,5.82,1.54,-3.24
1,1546416606222,6.69,3.51,-2.53
1,1546416606222,6.79,3.92,-2.3
1,1546416606235,6.85,4.31,-1.97
1,1546416606296,6.93,4.43,-1.87
1,1546416606296,7.14,4.58,-1.87
1,1546416606297,7.51,4.66,-1.93
1,1546416606303,7.79,4.41,-1.83
1,1546416606303,8.06,3.43,-1.93
1,1546416606304,8.1,3.02,-1.97
1,1546416606304,8.08,2.73,-2.08
1,1546416606304,8.12,2.73,-2.26
1,1546416606370,7.81,2.85,-2.67
1,1546416606371,7.67,2.96,-2.67
1,1546416606372,7.65,5.19,-3.08
1,1546416606372,7.51,5.83,-3.32
1,1546416606386,7.42,6.23,-3.43
1,1546416606387,7.26,6.48,-3.47
1,1546416606387,7.07,6.66,-3.61
1,1546416606387,7.07,6.81,-3.73
1,1546416606446,7.07,7.16,-3.92
1,1546416606455,6.95,7.59,-4.06
1,1546416606455,6.67,7.96,-4.21
1,1546416606456,6.44,7.55,-4.08
1,1546416606456,6.15,7.16,-3.9
1,1546416606456,5.82,6.79,-3.76
1,1546416606457,5.35,6.62,-3.65
1,1546416606457,4.25,6.42,-3.28
1,1546416606520,3.82,6.4,-3.08
1,1546416606521,3.47,6.38,-2.92
1,1546416606521,3.26,6.44,-2.83
1,1546416606540,2.65,6.77,-2.65
1,1546416606540,2.22,6.99,-2.77
1,1546416606540,1.81,7.14,-2.94
1,1546416606541,1.4,7.3,-3.02
1,1546416606541,1.03,7.57,-3.16
1,1546416606598,0.99,7.69,-3.18
1,1546416606606,1.01,7.77,-3.04
1,1546416606607,1.11,7.89,-2.87
1,1546416606607,1.85,8.22,-2.51
1,1546416606607,2.51,8.49,-2.55
1,1546416606607,3.33,8.69,-2.57
1,1546416606608,4.57,8.78,-2.59
1,1546416606608,6.11,9.16,-2.67
1,1546416606674,8.71,10.31,-3.16
1,1546416606675,9.37,10.07,-3.18
1,1546416606675,10.0,9.39,-2.94
1,1546416606695,10.8,8.75,-2.63
1,1546416606697,11.81,7.85,-2.05
1,1546416606698,11.71,7.5,-1.99
1,1546416606698,11.42,7.1,-1.87
1,1546416606699,11.09,6.38,-1.67
1,1546416606750,10.97,4.43,-0.91
1,1546416606750,11.15,3.41,-0.41
1,1546416606751,11.42,2.69,0.23
1,1546416606774,11.52,2.05,0.83
1,1546416606774,11.01,1.05,1.73
1,1546416606774,10.54,0.82,1.81
1,1546416606774,10.07,0.74,1.56
1,1546416606775,9.57,0.82,1.26
1,1546416606823,9.17,1.03,0.87
1,1546416606842,8.88,2.01,-0.09
1,1546416606898,8.9,2.4,-0.46
1,1546416606908,8.9,2.63,-0.72
1,1546416606909,8.96,2.87,-0.89
1,1546416606909,9.0,3.33,-1.07
1,1546416606909,8.82,3.65,-1.03
1,1546416606909,8.63,3.86,-0.85
1,1546416606909,8.53,4.1,-0.7
1,1546416606910,8.73,4.9,-0.52
1,1546416606973,8.82,5.09,-0.27
1,1546416606993,8.88,5.37,0.03
1,1546416606994,8.37,4.27,0.93
1,1546416606994,8.14,4.12,0.85
1,1546416606995,7.83,4.14,0.64
1,1546416606995,7.01,4.23,-0.05
1,1546416606996,6.64,4.27,-0.41
1,1546416606997,6.36,4.19,-0.78
1,1546416607050,6.07,4.06,-1.23
1,1546416607068,5.58,4.9,-1.64
1,1546416607068,5.21,5.74,-2.16
1,1546416607068,4.94,6.62,-2.57
1,1546416607069,4.72,7.3,-2.57
1,1546416607069,4.35,8.61,-1.81
1,1546416607069,4.25,9.1,-1.6
1,1546416607069,4.19,9.45,-1.38
1,1546416607122,4.12,9.49,-1.36
1,1546416607123,4.08,8.96,-1.38
1,1546416607152,4.02,8.41,-1.5
1,1546416607152,3.98,7.83,-1.66
1,1546416607153,4.0,7.4,-1.77
1,1546416607154,4.12,7.18,-1.89
1,1546416607154,4.45,7.48,-2.36
1,1546416607155,4.64,7.73,-2.59
1,1546416607200,4.72,7.87,-2.73
1,1546416607200,4.76,7.94,-2.77
1,1546416607201,4.88,8.12,-2.73
1,1546416607201,4.92,8.12,-2.63
1,1546416607201,4.9,8.04,-2.69
1,1546416607202,4.82,7.83,-2.73
1,1546416607202,4.64,7.26,-2.91
1,1546416607217,4.6,6.93,-3.02
1,1546416607271,4.57,6.64,-3.18
1,1546416607351,4.47,6.4,-3.35
1,1546416607352,4.49,6.07,-3.45
1,1546416607356,4.45,5.99,-3.45
1,1546416607359,4.29,5.95,-3.47
1,1546416607360,4.08,5.95,-3.51
1,1546416607361,3.78,5.93,-3.49
1,1546416607363,3.22,5.6,-3.47
1,1546416607364,2.98,5.31,-3.53
1,1546416607446,2.73,5.19,-3.63
1,1546416607447,2.57,5.13,-3.8
1,1546416607502,3.75,8.24,-7.1
1,1546416607503,4.58,9.19,-7.71
1,1546416607515,5.58,9.92,-8.2
1,1546416607515,6.54,10.31,-8.67
1,1546416607515,7.32,10.33,-9.04
1,1546416607516,8.67,9.82,-10.15
1,1546416607516,9.04,9.33,-10.64
1,1546416607517,9.7,8.75,-10.93
1,1546416607572,10.35,8.76,-10.21
1,1546416607580,10.09,8.78,-9.76
1,1546416607581,7.1,6.44,-8.67
1,1546416607581,6.67,6.46,-9.0
1,1546416607581,5.82,7.12,-9.68
1,1546416607581,5.54,7.2,-9.86
1,1546416607581,5.37,7.08,-9.92
1,1546416607582,5.19,6.93,-10.03
1,1546416607646,4.98,6.67,-9.94
1,1546416607671,3.94,5.11,-8.35
1,1546416607672,3.76,4.98,-8.16
1,1546416607673,3.71,5.27,-8.24
1,1546416607674,3.75,6.03,-8.88
1,1546416607674,3.82,5.8,-8.96
1,1546416607675,3.73,5.25,-8.98
1,1546416607675,3.65,4.76,-8.86
1,1546416607761,3.55,4.51,-8.73
1,1546416607761,3.61,4.19,-8.53
1,1546416607762,3.86,3.71,-8.28
1,1546416607762,4.17,3.39,-8.12
1,1546416607762,4.74,3.43,-7.55
1,1546416607762,4.66,3.71,-7.73
1,1546416607763,4.72,4.64,-8.22
1,1546416607764,4.9,6.13,-8.8
1,1546416607800,5.31,7.67,-9.39
1,1546416607800,5.48,7.34,-9.37
1,1546416607816,5.72,7.03,-9.19
1,1546416607816,5.8,6.87,-8.88
1,1546416607817,5.91,6.89,-8.47
1,1546416607817,6.26,6.5,-7.24
1,1546416607817,6.46,6.44,-6.85
1,1546416607817,6.77,7.07,-6.71
1,1546416607974,7.07,7.91,-6.69
1,1546416607976,7.69,8.61,-6.81
1,1546416607977,7.79,8.61,-6.75
1,1546416607978,7.75,8.47,-6.42
1,1546416607979,7.59,8.2,-5.66
1,1546416608074,6.71,8.63,-3.59
1,1546416608074,5.99,9.0,-2.67
1,1546416608075,5.33,9.08,-1.95
1,1546416608075,5.25,8.98,-1.26
1,1546416608075,3.53,6.36,0.41
1,1546416608075,3.53,6.34,0.62
1,1546416608076,3.49,5.91,0.93
1,1546416608076,3.22,4.33,1.85
1,1546416608105,3.32,3.84,2.2
1,1546416608105,3.76,4.35,2.79
1,1546416608105,3.82,4.53,2.81
1,1546416608106,4.1,3.78,3.02
1,1546416608106,4.74,3.1,2.96
1,1546416608106,5.48,3.63,2.65
1,1546416608106,5.64,3.9,2.57
1,1546416608107,6.03,4.35,2.51
1,1546416608174,6.58,5.35,2.44
1,1546416608176,6.99,6.32,2.32
1,1546416608177,7.05,6.46,2.26
1,1546416608179,6.48,6.05,2.12
1,1546416608180,7.08,1.05,3.86
1,1546416608181,10.62,-4.64,5.66
1,1546416608182,11.62,-1.32,10.82
1,1546416608184,9.21,5.64,7.81
1,1546416608331,6.46,11.73,5.89
1,1546416608333,4.25,6.54,3.39
1,1546416608334,3.32,6.46,2.94
1,1546416608335,4.08,6.11,3.45
1,1546416608336,5.46,9.0,4.7
1,1546416608402,4.86,11.71,6.03
1,1546416608404,3.9,9.68,7.16
1,1546416608409,4.14,8.08,7.57
1,1546416608410,4.62,8.8,7.73
1,1546416608411,3.43,7.12,-0.39
1,1546416608412,6.13,14.39,2.1
1,1546416608414,5.29,3.98,5.82
1,1546416608415,6.38,1.79,2.87
1,1546416608555,6.99,3.96,0.54
1,1546416608558,6.73,7.63,3.41
1,1546416608560,6.71,8.12,1.26
1,1546416608563,6.6,7.4,0.35
1,1546416608565,6.89,6.03,2.75
1,1546416608668,6.89,2.77,4.8
1,1546416608669,6.36,4.08,4.23
1,1546416608669,5.99,8.02,3.53
1,1546416608670,5.66,8.1,3.57
1,1546416608670,5.99,8.49,4.21
1,1546416608670,5.8,10.99,4.43
1,1546416608671,5.85,10.11,4.17
1,1546416608671,4.84,6.99,4.43
1,1546416608709,4.33,1.11,5.39
1,1546416608710,3.24,6.52,4.14
1,1546416608711,4.64,4.68,4.49
1,1546416608712,4.86,6.56,3.71
1,1546416608713,4.66,8.02,3.22
1,1546416608714,4.66,8.22,4.21
1,1546416608715,3.98,9.16,4.49
1,1546416608716,4.02,9.08,6.83
1,1546416608774,4.14,10.83,7.69
1,1546416608788,3.63,10.8,6.23
1,1546416608788,3.61,8.92,6.85
1,1546416608789,3.75,9.02,6.87
1,1546416608789,2.96,9.33,5.8
1,1546416608789,3.63,8.51,4.82
1,1546416608790,4.14,7.42,4.82
1,1546416608790,4.51,6.83,4.45
1,1546416608850,4.35,7.53,3.45
1,1546416608876,5.05,7.01,2.79
1,1546416608877,5.74,6.89,2.83
1,1546416608878,6.05,7.65,2.59
1,1546416608879,5.87,8.32,2.53
1,1546416608880,6.11,6.73,2.48
1,1546416608881,6.17,7.1,1.85
1,1546416608881,5.8,8.45,1.5
1,1546416608926,6.15,6.34,2.28
1,1546416608927,2.16,11.54,6.09
1,1546416608927,2.3,8.82,4.58
1,1546416608928,6.38,3.08,2.63
1,1546416608928,6.17,5.78,0.76
1,1546416608929,4.72,8.88,1.05
1,1546416608929,5.68,8.02,3.78
1,1546416608929,5.11,7.71,3.43
1,1546416608999,4.96,6.99,3.35
1,1546416609000,4.17,7.26,2.46
1,1546416609000,5.11,8.69,3.06
1,1546416609001,5.03,7.36,2.53
1,1546416609001,5.39,7.46,2.36
1,1546416609077,4.9,9.82,2.38
1,1546416609078,5.27,8.59,3.2
1,1546416609078,4.86,8.59,2.87
1,1546416609079,5.0,8.71,2.83
1,1546416609080,5.21,8.3,2.91
1,1546416609080,4.14,3.28,2.22
1,1546416609081,4.72,6.23,0.0
1,1546416609081,4.96,10.89,0.21
1,1546416609153,4.17,8.9,-0.93
1,1546416609155,3.8,8.92,0.0
1,1546416609158,3.08,8.32,1.91
1,1546416609160,2.57,9.33,3.39
1,1546416609161,2.24,9.51,4.16
1,1546416609162,2.69,9.19,4.02
1,1546416609164,3.76,6.81,3.32
1,1546416609165,4.64,6.19,2.89
1,1546416609231,4.57,8.45,2.28
1,1546416609232,5.23,6.58,1.85
1,1546416609233,5.29,6.17,0.97
1,1546416609234,5.64,6.3,1.21
1,1546416609234,5.8,7.61,1.71
1,1546416609235,6.17,7.03,1.97
1,1546416609237,6.13,7.1,1.26
1,1546416609238,6.07,6.83,1.15
1,1546416609304,5.89,6.4,1.11
1,1546416609328,5.85,6.4,0.82
1,1546416609329,5.42,6.58,0.58
1,1546416609329,5.42,6.36,0.82
1,1546416609330,5.5,6.62,1.01
1,1546416609330,5.78,6.85,1.4
1,1546416609330,5.93,7.03,1.93
1,1546416609331,6.03,7.12,2.2
1,1546416609374,5.83,7.07,2.36
1,1546416609375,6.17,7.48,2.65
1,1546416609451,6.13,6.77,2.4
1,1546416609452,5.89,7.34,2.34
1,1546416609452,5.68,7.34,2.4
1,1546416609462,6.09,7.18,3.04
1,1546416609464,5.54,6.64,1.83
1,1546416609464,5.72,7.87,2.51
1,1546416609465,6.26,7.73,3.73
1,1546416609465,6.34,7.55,2.89
1,1546416609528,6.85,7.01,3.12
1,1546416609529,6.85,7.85,4.25
1,1546416609529,8.0,6.97,5.46
1,1546416609530,8.26,6.5,5.23
1,1546416609530,8.2,6.32,5.07
1,1546416609530,7.92,6.56,4.76
1,1546416609531,7.59,5.8,4.29
1,1546416609531,7.59,6.05,4.19
1,1546416609597,7.28,6.15,4.19
1,1546416609599,6.87,4.72,4.58
1,1546416609600,5.93,4.96,4.27
1,1546416609600,5.93,4.68,4.49
1,1546416609601,5.58,4.0,4.31
1,1546416609601,5.68,3.86,4.39
1,1546416609602,5.13,4.78,4.43
1,1546416609602,5.19,4.51,4.76
1,1546416609675,5.01,4.31,4.82
1,1546416609676,4.43,4.9,4.06
1,1546416609676,4.55,4.53,3.84
1,1546416609677,4.78,5.11,3.8
1,1546416609677,3.96,5.35,3.16
1,1546416609698,4.27,4.9,3.02
1,1546416609699,4.21,5.37,2.46
1,1546416609750,3.88,5.87,2.46
1,1546416609762,4.19,5.7,2.63
1,1546416609763,4.94,5.46,2.63
1,1546416609763,4.7,6.32,2.34
1,1546416609763,3.55,6.36,2.22
1,1546416609764,3.78,5.54,2.28
1,1546416609764,4.21,5.37,2.1
1,1546416609764,4.27,6.32,1.73
1,1546416609830,3.69,6.87,2.1
1,1546416609831,4.74,6.64,2.16
1,1546416609831,5.13,7.24,1.79
1,1546416609831,4.66,7.67,1.5
1,1546416609831,4.72,7.28,1.87
1,1546416609832,4.62,7.61,1.91
1,1546416609832,4.35,8.04,2.18
1,1546416609832,4.43,7.98,2.22
1,1546416609903,4.21,7.81,2.08
1,1546416609913,3.88,7.92,1.87
1,1546416609914,3.88,8.45,1.93
1,1546416609914,3.67,8.53,1.91
1,1546416609914,3.82,8.8,2.03
1,1546416609914,3.86,10.48,1.85
1,1546416609915,4.1,11.4,1.87
1,1546416609915,4.62,12.73,1.48
1,1546416609974,4.9,13.55,1.36
1,1546416609981,5.42,14.7,1.25
1,1546416609981,5.74,15.0,1.21
1,1546416609982,5.99,15.01,1.21
1,1546416609982,6.05,14.6,0.87
1,1546416609982,6.23,12.14,0.33
1,1546416609982,6.32,11.11,0.33
1,1546416609982,6.46,10.39,0.25
1,1546416610049,6.52,9.92,0.21
1,1546416610051,6.91,10.15,0.03
1,1546416610053,7.22,10.74,-0.21
1,1546416610055,7.24,10.7,-0.62
1,1546416610056,7.3,10.17,-0.99
1,1546416610058,7.24,9.53,-1.19
1,1546416610059,6.97,8.8,-1.4
1,1546416610132,6.83,8.63,-1.48
1,1546416610133,6.73,8.55,-1.26
1,1546416610133,6.83,8.78,-0.97
1,1546416610134,6.38,8.32,-0.44
1,1546416610134,5.8,7.46,-0.44
1,1546416610134,5.15,6.11,-0.7
1,1546416610135,4.6,5.37,-0.8
1,1546416610136,4.25,5.58,-0.48
1,1546416610200,4.16,5.78,-0.37
1,1546416610201,3.94,5.76,-0.29
1,1546416610201,3.76,5.56,-0.13
1,1546416610202,3.43,4.98,-0.29
1,1546416610202,3.18,4.92,-0.35
1,1546416610202,3.24,5.11,-0.27
1,1546416610202,3.45,5.27,-0.21
1,1546416610203,3.47,4.9,-0.21
1,1546416610276,3.55,4.66,-0.27
1,1546416610277,3.73,4.72,-0.41
1,1546416610277,3.88,4.96,-0.42
1,1546416610278,4.16,5.23,-0.29
1,1546416610278,4.7,5.54,0.0
1,1546416610279,4.74,5.58,-0.21
1,1546416610280,4.82,5.7,-0.23
1,1546416610358,5.05,6.11,0.01
1,1546416610359,5.54,7.38,0.87
1,1546416610359,5.66,7.28,1.3
1,1546416610360,5.91,7.32,1.71
1,1546416610360,6.21,7.63,1.73
1,1546416610360,6.13,6.99,1.17
1,1546416610361,6.05,6.85,1.09
1,1546416610361,6.3,7.5,1.15
1,1546416610503,6.73,8.92,1.25
1,1546416610504,7.14,10.29,1.3
1,1546416610505,7.65,11.25,1.52
1,1546416610505,8.22,11.66,1.77
1,1546416610505,8.86,11.89,1.87
1,1546416610579,9.02,11.19,1.85
1,1546416610579,8.28,8.71,1.97
1,1546416610580,7.92,7.07,1.95
1,1546416610580,8.12,6.54,1.79
1,1546416610580,8.16,8.8,2.79
1,1546416610581,7.73,8.65,2.92
1,1546416610581,6.99,8.08,2.96
1,1546416610581,6.54,7.51,2.94
1,1546416610650,5.76,6.5,2.85
1,1546416610652,4.57,4.74,3.06
1,1546416610652,4.12,5.07,2.73
1,1546416610652,3.88,5.03,2.73
1,1546416610653,3.78,5.31,2.73
1,1546416610653,3.84,5.41,2.79
1,1546416610672,3.33,5.19,2.46
1,1546416610672,3.22,5.21,2.34
1,1546416610736,3.16,5.29,2.3
1,1546416610736,3.14,5.31,2.22
1,1546416610736,2.91,4.78,2.32
1,1546416610737,2.87,4.8,2.32
1,1546416610737,3.14,5.42,2.3
1,1546416610737,3.18,5.87,2.2
1,1546416610737,2.96,5.78,2.05
1,1546416610737,2.63,5.39,1.73
1,1546416610798,2.75,5.48,1.67
1,1546416610799,2.79,5.82,1.62
1,1546416610799,2.65,5.76,1.62
1,1546416610799,2.75,5.83,2.1
1,1546416610799,2.77,6.09,2.05
1,1546416610800,2.92,6.64,1.93
1,1546416610800,2.55,6.54,1.79
1,1546416610800,2.61,7.03,1.87
1,1546416610874,2.71,7.53,1.79
1,1546416610888,2.59,7.63,1.73
1,1546416610888,2.63,7.55,1.67
1,1546416610889,2.91,8.75,1.07
1,1546416610889,3.2,9.45,0.68
1,1546416610889,3.8,10.62,0.6
1,1546416610889,4.55,11.87,0.78
1,1546416610948,4.96,13.12,1.03
1,1546416610950,5.62,15.09,1.3
1,1546416610951,6.13,15.68,1.42
1,1546416610951,6.6,15.89,1.56
1,1546416610951,6.75,15.54,1.73
1,1546416610951,6.25,12.53,1.46
1,1546416610951,6.03,10.91,1.32
1,1546416610952,6.25,10.07,1.28
1,1546416611026,6.05,9.39,1.19
1,1546416611027,6.28,9.45,0.19
1,1546416611027,6.71,9.72,-0.35
1,1546416611028,6.97,10.03,-0.56
1,1546416611028,7.26,10.58,-0.82
1,1546416611029,8.1,11.13,-1.69
1,1546416611030,8.41,10.89,-2.44
1,1546416611030,8.61,10.13,-3.14
1,1546416611098,8.22,9.08,-3.9
1,1546416611100,8.1,6.46,-3.45
1,1546416611101,8.04,5.85,-3.1
1,1546416611102,7.75,5.95,-3.08
1,1546416611102,7.51,6.17,-3.1
1,1546416611103,7.3,6.34,-3.08
1,1546416611104,7.07,6.87,-2.83
1,1546416611105,6.71,6.58,-2.59
1,1546416611174,6.25,6.25,-2.4
1,1546416611175,5.89,6.56,-2.4
1,1546416611175,5.42,6.75,-2.42
1,1546416611176,5.19,6.36,-2.28
1,1546416611190,4.9,6.17,-2.22
1,1546416611191,4.72,6.15,-2.22
1,1546416611191,4.25,6.34,-2.14
1,1546416611248,4.08,6.21,-2.1
1,1546416611249,4.0,6.01,-1.95
1,1546416611257,3.71,5.97,-1.52
1,1546416611257,3.63,6.83,-0.8
1,1546416611258,3.59,7.5,-0.48
1,1546416611258,3.47,7.63,-0.11
1,1546416611258,3.37,7.69,-0.03
1,1546416611258,3.45,7.89,-0.17
1,1546416611323,3.69,7.92,-0.29
1,1546416611325,3.75,8.0,0.0
1,1546416611326,3.69,7.87,0.29
1,1546416611327,3.61,7.79,0.41
1,1546416611328,3.3,7.96,0.35
1,1546416611329,3.28,8.1,0.29
1,1546416611331,3.33,8.28,0.31
1,1546416611332,3.35,8.47,0.33
1,1546416611400,3.57,8.78,-0.19
1,1546416611401,3.69,8.49,-0.68
1,1546416611402,3.8,8.32,-1.4
1,1546416611403,4.0,8.1,-2.01
1,1546416611404,4.14,8.35,-2.2
1,1546416611405,3.98,8.82,-2.18
1,1546416611406,3.78,8.78,-1.97
1,1546416611476,4.12,8.16,-1.26
1,1546416611477,4.41,7.53,-0.78
1,1546416611477,4.12,8.75,-1.07
1,1546416611477,4.37,8.84,-1.48
1,1546416611478,4.86,8.78,-1.89
1,1546416611478,5.25,8.82,-1.79
1,1546416611479,5.5,9.45,-1.11
1,1546416611479,5.48,10.01,-0.95
1,1546416611549,5.5,10.01,-0.48
1,1546416611565,5.42,9.43,-0.07
1,1546416611566,5.13,8.57,0.39
1,1546416611566,4.92,8.24,0.27
1,1546416611566,4.72,7.85,-0.01
1,1546416611566,4.76,7.81,-0.19
1,1546416611567,5.09,8.2,0.35
1,1546416611622,5.27,8.47,0.48
1,1546416611623,5.31,8.84,0.54
1,1546416611624,5.33,9.06,0.37
1,1546416611624,5.74,9.27,0.27
1,1546416611624,6.38,8.65,-0.09
1,1546416611624,6.46,8.76,-0.41
1,1546416611624,7.12,9.66,-0.87
1,1546416611625,7.92,10.48,-1.15
1,1546416611698,8.45,9.62,-0.33
1,1546416611698,8.02,8.45,-0.19
1,1546416611698,7.73,7.51,-0.27
1,1546416611698,7.85,6.89,0.03
1,1546416611699,8.16,5.89,1.5
1,1546416611699,8.02,5.52,1.77
1,1546416611699,7.89,4.92,1.89
1,1546416611699,7.63,3.84,1.83
1,1546416611773,7.05,2.18,2.24
1,1546416611774,6.89,2.96,2.51
1,1546416611774,7.01,4.74,3.04
1,1546416611775,6.91,5.87,3.47
1,1546416611803,6.62,6.01,3.92
1,1546416611804,6.46,6.73,4.33
1,1546416611805,6.07,7.26,4.62
1,1546416611861,5.78,7.57,5.09
1,1546416611862,5.8,7.73,5.48
1,1546416611862,5.76,7.55,5.31
1,1546416611863,5.58,7.08,4.96
1,1546416611863,5.52,6.32,4.7
1,1546416611863,5.44,5.68,4.53
1,1546416611864,5.25,6.09,4.1
1,1546416611864,5.21,6.32,4.21
1,1546416611925,5.29,6.42,4.55
1,1546416611946,5.25,6.36,4.6
1,1546416611946,4.88,5.62,4.02
1,1546416611946,4.86,5.42,3.67
1,1546416611947,4.82,5.11,3.32
1,1546416611947,4.88,4.76,3.16
1,1546416611947,5.0,4.7,2.87
1,1546416612002,5.01,5.03,2.4
1,1546416612003,5.17,4.76,2.36
1,1546416612003,5.27,4.06,2.34
1,1546416612003,5.41,3.65,2.26
1,1546416612004,6.03,4.02,1.6
1,1546416612004,6.17,3.71,1.56
1,1546416612004,6.23,3.43,1.58
1,1546416612005,6.28,3.3,1.66
1,1546416612174,6.5,3.45,1.81
1,1546416612176,6.56,3.76,2.07
1,1546416612177,6.56,3.86,2.26
1,1546416612178,6.54,3.76,2.32
1,1546416612179,6.62,3.63,2.3
1,1546416612229,6.5,3.61,2.34
1,1546416612231,6.21,3.55,2.59
1,1546416612231,5.99,3.73,2.85
1,1546416612232,5.8,3.82,3.26
1,1546416612233,5.54,3.49,3.86
1,1546416612234,5.42,4.04,5.01
1,1546416612235,5.62,4.14,4.55
1,1546416612281,6.46,3.69,4.08
1,1546416612324,6.71,3.59,3.9
1,1546416612324,6.85,3.88,1.21
1,1546416612324,6.89,3.92,0.87
1,1546416612325,7.1,4.37,0.82
1,1546416612325,7.24,4.82,1.05
1,1546416612325,7.14,4.76,1.28
1,1546416612325,6.95,4.78,1.21
1,1546416612325,6.3,4.76,0.95
1,1546416612380,5.89,4.62,0.78
1,1546416612381,5.74,3.61,1.01
1,1546416612382,5.6,3.43,1.11
1,1546416612383,5.42,3.65,1.11
1,1546416612384,5.35,3.75,1.23
1,1546416612384,5.62,3.98,1.28
1,1546416612385,5.56,4.43,1.25
1,1546416612386,5.37,4.62,1.5
1,1546416612527,5.23,4.33,1.89
1,1546416612561,5.31,4.12,2.08
1,1546416612562,5.39,5.05,1.93
1,1546416612563,5.03,4.31,1.46
1,1546416612564,4.74,2.75,1.15
1,1546416612616,4.76,2.32,0.83
1,1546416612616,5.87,4.45,0.35
1,1546416612617,6.42,5.21,0.15
1,1546416612617,6.83,6.03,0.25
1,1546416612617,8.45,3.3,-3.73
1,1546416612617,8.53,3.61,-3.63
1,1546416612617,9.14,4.72,-2.94
1,1546416612618,10.99,8.73,-1.83
1,1546416612674,10.95,7.81,-1.77
1,1546416612685,9.17,3.53,-0.97
1,1546416612685,8.98,2.67,-0.66
1,1546416612685,8.9,2.61,-0.56
1,1546416612686,10.11,4.9,-0.41
1,1546416612686,10.41,5.87,-0.58
1,1546416612686,11.11,7.2,-0.42
1,1546416612686,12.1,8.08,-0.11
1,1546416612748,12.3,7.1,-1.44
1,1546416612749,11.73,5.85,-1.93
1,1546416612749,11.23,3.76,-2.2
1,1546416612749,10.68,1.21,-2.5
1,1546416612772,10.42,-0.11,-2.91
1,1546416612773,11.03,1.52,-2.26
1,1546416612773,11.89,4.04,-1.03
1,1546416612773,12.48,6.07,-0.07
1,1546416612827,12.24,6.58,-0.05
1,1546416612828,13.37,5.17,-0.87
1,1546416612830,13.86,4.33,-1.03
1,1546416612831,13.75,4.55,-0.8
1,1546416612833,11.91,3.78,-1.15
1,1546416612834,12.32,3.06,0.13
1,1546416612836,12.08,3.57,0.44
1,1546416612837,12.71,5.27,1.01
1,1546416612896,12.12,7.81,0.82
1,1546416612896,10.37,4.0,-0.8
1,1546416612897,11.36,3.18,-0.78
1,1546416612897,12.57,4.02,-1.81
1,1546416612898,12.87,6.79,-3.12
1,1546416612898,12.34,8.86,-4.66
1,1546416612898,13.22,8.37,-6.32
1,1546416612975,13.61,7.05,-6.15
1,1546416612987,13.16,4.23,-4.98
1,1546416612988,13.32,-1.58,-0.27
1,1546416612988,13.47,-0.7,-0.66
1,1546416612989,14.57,0.48,-0.39
1,1546416612989,13.02,-1.97,0.56
1,1546416612990,11.26,-2.3,0.11
1,1546416613051,12.89,1.21,-2.05
1,1546416613052,14.02,6.85,1.48
1,1546416613053,11.87,4.9,2.69
1,1546416613053,12.24,6.44,0.62
1,1546416613054,11.91,3.73,0.6
1,1546416613127,12.14,2.16,1.17
1,1546416613143,12.4,2.34,0.91
1,1546416613144,12.32,2.71,0.21
1,1546416613145,12.22,3.0,-0.58
1,1546416613146,12.53,3.1,-0.68
1,1546416613147,12.83,3.32,-0.74
1,1546416613148,12.83,3.37,-0.85
1,1546416613149,12.79,3.2,-0.85
1,1546416613199,13.26,2.53,-0.6
1,1546416613200,13.63,1.69,0.09
1,1546416613200,13.04,1.44,0.31
1,1546416613201,12.63,1.36,0.27
1,1546416613201,12.16,1.26,0.23
1,1546416613202,11.71,1.3,0.03
1,1546416613202,11.09,1.34,-0.17
1,1546416613222,10.93,1.26,-0.21
1,1546416613275,10.8,1.34,-0.31
1,1546416613276,10.54,1.62,-0.39
1,1546416613277,9.78,2.03,-0.48
1,1546416613278,9.43,1.85,-0.44
1,1546416613278,9.12,1.64,-0.33
1,1546416613279,8.82,1.54,-0.21
1,1546416613280,8.53,1.54,-0.17
1,1546416613281,8.04,1.46,0.17
1,1546416613353,7.94,1.28,0.19
1,1546416613354,7.91,1.03,0.13
1,1546416613354,7.79,0.85,0.0
1,1546416613355,7.96,0.87,-0.23
1,1546416613355,8.14,0.78,-0.39
1,1546416613425,8.2,0.56,-0.46
1,1546416613446,8.24,0.41,-0.48
1,1546416613447,8.28,0.21,-0.89
1,1546416613448,8.43,-0.66,-0.99
1,1546416613449,8.39,-0.33,-1.34
1,1546416613449,8.73,0.62,-1.85
1,1546416613450,8.39,-1.13,-1.34
1,1546416613451,9.0,0.58,-1.36
1,1546416613498,10.03,4.02,-1.93
1,1546416613507,9.84,8.1,-2.83
1,1546416613508,9.12,2.63,-2.07
1,1546416613508,9.43,1.3,-2.24
1,1546416613508,9.51,0.83,-2.81
1,1546416613509,9.39,0.6,-3.24
1,1546416613509,8.63,-0.13,-3.61
1,1546416613509,8.35,-0.44,-3.76
1,1546416613576,8.18,-0.31,-3.84
1,1546416613576,7.98,0.09,-3.98
1,1546416613577,7.98,0.76,-4.25
1,1546416613578,8.22,1.13,-4.47
1,1546416613578,8.57,1.4,-4.62
1,1546416613597,9.0,1.62,-4.62
1,1546416613598,9.7,1.71,-4.74
1,1546416613599,10.01,1.69,-4.8
1,1546416613650,10.27,1.64,-4.8
1,1546416613659,10.41,1.54,-4.86
1,1546416613660,10.39,1.5,-4.92
1,1546416613660,9.9,1.99,-4.94
1,1546416613661,9.58,2.51,-4.92
1,1546416613661,9.29,2.87,-4.72
1,1546416613662,9.16,3.08,-4.31
1,1546416613663,9.21,3.8,-3.43
1,1546416613723,9.51,4.43,-3.12
1,1546416613724,9.88,5.29,-2.5
1,1546416613744,10.03,6.11,-1.34
1,1546416613745,10.52,8.3,1.44
1,1546416613745,10.83,8.39,2.22
1,1546416613746,11.07,8.1,2.34
1,1546416613747,11.25,6.85,2.53
1,1546416613747,10.7,2.61,3.1
1,1546416613799,10.5,1.03,3.1
1,1546416613810,10.41,0.62,2.83
1,1546416613811,10.41,1.07,2.34
1,1546416613811,10.25,2.24,1.77
1,1546416613811,9.19,4.45,-0.41
1,1546416613812,8.47,4.6,-1.23
1,1546416613812,7.87,4.51,-1.38
1,1546416613875,7.67,4.7,-1.25
1,1546416613876,7.34,6.13,-0.87
1,1546416613877,6.97,7.18,-0.6
1,1546416613896,6.58,7.79,-0.33
1,1546416613897,6.3,7.79,0.03
1,1546416613897,6.32,6.32,1.11
1,1546416613897,6.26,5.39,1.52
1,1546416613898,6.25,4.66,1.73
1,1546416613949,6.36,4.84,1.87
1,1546416613962,6.71,5.97,1.36
1,1546416613963,7.1,5.91,1.28
1,1546416613963,7.51,5.7,1.52
1,1546416613963,8.0,5.41,1.69
1,1546416613964,8.65,5.01,1.75
1,1546416613964,9.96,4.49,1.54
1,1546416613964,10.37,4.78,1.07
1,1546416614022,10.64,4.66,0.46
1,1546416614023,10.99,3.78,-0.09
1,1546416614024,12.03,2.75,-0.95
1,1546416614024,12.18,2.83,-1.56
1,1546416614024,13.0,3.02,-1.34
1,1546416614025,13.57,2.85,-1.05
1,1546416614025,14.35,1.77,0.17
1,1546416614099,14.55,4.29,0.11
1,1546416614117,14.04,6.52,-0.01
1,1546416614117,13.59,5.76,0.05
1,1546416614117,13.61,0.7,-0.01
1,1546416614118,13.06,-0.19,0.09
1,1546416614118,12.01,-0.78,0.5
1,1546416614118,11.17,-0.95,0.31
1,1546416614119,10.42,-1.15,-0.19
1,1546416614173,9.51,-0.7,-0.46
1,1546416614174,9.27,-0.17,-0.8
1,1546416614174,8.75,0.31,-1.19
1,1546416614174,7.89,0.74,-2.79
1,1546416614200,7.05,2.87,-3.98
1,1546416614202,6.54,0.95,-4.27
1,1546416614202,7.85,0.11,-6.99
1,1546416614252,7.16,4.04,-7.83
1,1546416614252,7.55,8.84,-7.96
1,1546416614253,6.73,6.13,-5.11
1,1546416614254,7.1,5.91,-5.29
1,1546416614254,7.36,5.15,-5.37
1,1546416614264,7.63,3.2,-4.88
1,1546416614265,8.35,2.44,-4.02
1,1546416614265,8.59,1.81,-2.91
1,1546416614323,8.26,1.81,-1.91
1,1546416614324,8.33,1.81,-0.76
1,1546416614330,8.04,2.07,-1.03
1,1546416614330,8.16,2.53,-1.87
1,1546416614331,8.32,1.26,-2.03
1,1546416614331,7.14,0.39,-1.81
1,1546416614331,5.95,-0.74,-1.91
1,1546416614331,5.64,-0.58,-2.48
1,1546416614399,5.27,-0.21,-2.91
1,1546416614417,5.25,-0.07,-3.24
1,1546416614418,6.05,-1.28,-3.37
1,1546416614419,6.75,-2.08,-3.33
1,1546416614420,7.44,-2.07,-3.22
1,1546416614421,6.87,-0.13,-3.55
1,1546416614422,6.93,5.93,-5.21
1,1546416614471,7.55,7.91,-6.42
1,1546416614482,8.49,8.67,-7.2
1,1546416614482,9.04,8.47,-7.53
1,1546416614482,9.12,7.38,-7.44
1,1546416614482,8.73,2.89,-5.64
1,1546416614483,8.76,2.57,-5.25
1,1546416614483,9.0,2.65,-4.78
1,1546416614483,9.27,3.1,-4.64
1,1546416614549,9.0,5.93,-5.44
1,1546416614568,8.71,5.27,-5.76
1,1546416614569,8.98,3.14,-5.0
1,1546416614569,9.57,3.92,-4.41
1,1546416614570,7.96,8.88,-4.19
1,1546416614570,7.36,6.79,-4.14
1,1546416614570,6.26,3.49,-3.43
1,1546416614624,8.59,-0.37,-1.71
1,1546416614625,8.1,0.0,0.41
1,1546416614625,7.71,1.38,-0.37
1,1546416614625,8.28,3.94,-1.21
1,1546416614625,8.2,7.4,-2.16
1,1546416614632,7.14,9.66,-2.34
1,1546416614633,7.22,9.29,-2.38
1,1546416614633,7.57,8.1,-2.89
1,1546416614701,7.94,6.28,-3.78
1,1546416614702,7.65,5.17,-4.23
1,1546416614702,8.37,5.11,-6.4
1,1546416614702,8.26,2.94,-7.38
1,1546416614702,8.75,0.64,-6.93
1,1546416614702,9.58,1.03,-6.15
1,1546416614703,9.82,2.83,-5.52
1,1546416614703,9.88,2.01,-5.85
1,1546416614774,10.17,1.83,-6.54
1,1546416614774,11.38,1.54,-7.53
1,1546416614774,10.13,2.87,-6.66
1,1546416614775,9.9,4.25,-5.89
1,1546416614775,9.27,4.21,-5.39
1,1546416614775,8.06,3.78,-5.01
1,1546416614775,7.83,3.24,-4.72
1,1546416614851,5.46,-1.01,-2.51
1,1546416614852,3.73,-4.98,-0.52
1,1546416614852,2.1,-9.82,2.01
1,1546416614853,1.05,-13.92,4.43
1,1546416614854,1.05,-11.01,6.97
1,1546416614875,2.4,-3.28,5.93
1,1546416614876,3.57,2.16,5.66
1,1546416614877,4.47,3.63,5.64
1,1546416614929,7.38,6.95,5.46
1,1546416614930,9.94,9.7,5.97
1,1546416614930,12.73,10.54,6.97
1,1546416614930,15.25,10.21,6.73
1,1546416614930,21.15,6.69,7.89
1,1546416614931,22.83,8.02,5.42
1,1546416614931,23.8,12.73,0.37
1,1546416614996,22.85,17.26,-4.25
1,1546416615008,17.69,15.13,-9.62
1,1546416615009,15.33,10.44,-11.34
1,1546416615009,13.53,8.35,-12.01
1,1546416615009,12.32,9.9,-13.04
1,1546416615010,11.32,13.61,-13.92
1,1546416615010,12.28,10.11,-10.48
1,1546416615010,14.23,7.42,-7.83
1,1546416615074,15.89,5.91,-5.03
1,1546416615076,16.64,5.05,-2.71
1,1546416615077,18.3,8.84,-0.19
1,1546416615078,16.44,7.26,-1.81
1,1546416615078,12.91,-1.54,-2.34
1,1546416615079,10.56,-10.25,-1.25
1,1546416615080,7.42,-18.32,1.77
1,1546416615081,4.86,-16.81,3.39
1,1546416615157,3.41,-14.57,4.51
1,1546416615158,3.08,-11.54,5.31
1,1546416615160,4.43,-6.69,7.07
1,1546416615162,3.65,-4.37,7.81
1,1546416615164,4.64,-0.87,7.92
1,1546416615165,5.68,3.06,6.09
1,1546416615166,6.01,6.07,5.0
1,1546416615230,6.64,9.96,2.51
1,1546416615231,6.69,9.8,2.24
1,1546416615232,6.58,9.57,1.89
1,1546416615233,6.89,9.98,0.85
1,1546416615234,7.53,8.8,-0.15
1,1546416615235,8.08,9.16,-0.54
1,1546416615236,8.28,9.88,-1.44
1,1546416615237,8.86,12.59,-2.89
1,1546416615306,9.7,20.7,-5.74
1,1546416615306,9.72,23.28,-6.36
1,1546416615306,9.1,22.26,-6.17
1,1546416615307,8.59,18.78,-5.62
1,1546416615307,9.47,12.71,-5.31
1,1546416615307,9.86,11.4,-5.66
1,1546416615307,9.92,10.41,-6.13
1,1546416615374,9.76,9.21,-6.36
1,1546416615374,9.74,7.79,-6.46
1,1546416615375,10.11,6.03,-6.5
1,1546416615391,10.17,5.93,-6.66
1,1546416615392,9.94,6.01,-6.79
1,1546416615392,9.55,6.21,-6.87
1,1546416615392,8.73,6.48,-6.83
1,1546416615392,8.37,6.28,-6.77
1,1546416615448,8.04,5.91,-6.64
1,1546416615448,7.69,5.44,-6.52
1,1546416615458,6.81,4.29,-6.3
1,1546416615459,6.4,3.76,-6.26
1,1546416615460,6.15,3.28,-6.17
1,1546416615461,5.97,2.87,-5.99
1,1546416615462,5.66,2.36,-5.74
1,1546416615464,5.64,2.34,-5.72
1,1546416615523,5.78,2.71,-5.78
1,1546416615523,5.91,3.02,-5.76
1,1546416615523,5.93,3.14,-5.7
1,1546416615543,5.83,3.26,-5.58
1,1546416615544,5.85,3.59,-5.66
1,1546416615544,5.82,3.84,-5.62
1,1546416615544,5.72,3.88,-5.54
1,1546416615612,5.72,4.02,-5.62
1,1546416615613,5.83,4.19,-5.8
1,1546416615613,6.01,4.6,-5.97
1,1546416615614,6.21,4.92,-6.07
1,1546416615615,6.25,4.96,-6.13
1,1546416615615,6.32,5.11,-6.17
1,1546416615615,6.44,5.44,-6.21
1,1546416615615,6.46,5.93,-6.25
1,1546416615672,6.03,6.44,-6.19
1,1546416615692,5.8,6.52,-6.05
1,1546416615693,5.6,6.71,-5.72
1,1546416615693,5.27,6.83,-5.21
1,1546416615693,4.96,6.77,-4.49
1,1546416615693,4.7,6.71,-3.12
1,1546416615694,4.72,6.87,-2.67
1,1546416615748,4.84,7.01,-2.44
1,1546416615748,5.07,7.05,-2.38
1,1546416615749,5.48,6.71,-2.46
1,1546416615749,5.7,6.56,-2.61
1,1546416615749,5.99,6.62,-2.92
1,1546416615760,6.3,6.75,-3.06
1,1546416615761,6.66,6.81,-2.63
1,1546416615761,7.07,6.99,-2.53
1,1546416615823,7.42,7.05,-2.24
1,1546416615824,7.57,6.91,-2.03
1,1546416615824,7.85,7.32,-2.18
1,1546416615824,7.92,7.53,-2.3
1,1546416615824,8.08,7.46,-2.26
1,1546416615825,8.2,7.22,-2.16
1,1546416615825,8.2,6.17,-2.22
1,1546416615825,7.91,4.9,-1.83
1,1546416615914,7.92,4.6,-2.01
1,1546416615914,7.91,4.55,-2.2
1,1546416615915,7.87,4.57,-2.26
1,1546416615915,7.71,4.43,-1.93
1,1546416615915,7.92,4.31,-1.83
1,1546416615915,8.22,4.29,-1.75
1,1546416615916,8.41,4.17,-1.77
1,1546416615973,8.98,3.84,-1.52
1,1546416615996,9.35,4.14,-1.5
1,1546416615998,9.64,4.51,-1.73
1,1546416615999,9.88,4.58,-1.93
1,1546416616000,10.6,4.33,-2.57
1,1546416616001,10.95,4.66,-2.92
1,1546416616002,11.11,5.13,-3.22
1,1546416616003,11.25,5.58,-3.18
1,1546416616065,11.48,6.21,-3.28
1,1546416616066,11.71,6.71,-3.65
1,1546416616066,11.77,7.07,-3.92
1,1546416616067,11.71,6.93,-4.16
1,1546416616067,11.56,6.52,-4.37
1,1546416616068,10.82,4.98,-8.26
1,1546416616068,10.58,1.85,-1.17
1,1546416616123,11.25,-2.24,5.48
1,1546416616124,12.42,2.24,2.79
1,1546416616125,7.16,16.25,-2.51
1,1546416616148,4.35,11.91,-3.08
1,1546416616148,4.8,5.35,-2.14
1,1546416616148,7.18,1.87,-2.65
1,1546416616148,8.08,5.21,-4.41
1,1546416616149,7.53,6.69,-4.86
1,1546416616200,8.16,6.23,-4.37
1,1546416616228,9.51,5.27,-3.02
1,1546416616229,9.84,6.17,-1.44
1,1546416616229,8.98,5.01,-1.38
1,1546416616229,8.47,3.35,-1.69
1,1546416616229,8.63,2.42,-2.22
1,1546416616229,8.78,2.79,-2.85
1,1546416616230,8.1,3.45,-3.63
1,1546416616272,8.22,3.24,-3.43
1,1546416616273,8.33,3.3,-3.32
1,1546416616275,8.33,3.57,-3.57
1,1546416616276,8.24,3.45,-3.98
1,1546416616276,8.2,3.43,-4.58
1,1546416616277,8.16,3.45,-4.72
1,1546416616289,8.18,3.45,-4.8
1,1546416616346,7.83,4.06,-5.15
1,1546416616364,7.71,3.8,-5.05
1,1546416616364,7.71,3.47,-4.68
1,1546416616364,7.75,3.61,-4.31
1,1546416616364,7.44,3.92,-3.86
1,1546416616365,7.4,4.0,-3.65
1,1546416616365,7.46,4.31,-4.41
1,1546416616365,7.26,4.51,-5.39
1,1546416616423,7.2,4.31,-5.83
1,1546416616423,7.59,4.49,-6.28
1,1546416616424,7.44,4.41,-6.13
1,1546416616431,7.44,4.33,-5.66
1,1546416616432,7.34,4.29,-5.39
1,1546416616432,7.26,3.94,-5.27
1,1546416616432,7.4,3.43,-5.54
1,1546416616498,7.46,2.92,-6.19
1,1546416616516,7.65,2.53,-6.69
1,1546416616516,7.92,2.4,-7.26
1,1546416616516,8.08,2.46,-6.99
1,1546416616517,8.55,2.46,-6.15
1,1546416616517,9.02,2.73,-5.46
1,1546416616517,8.63,3.75,-6.26
1,1546416616517,7.42,4.04,-7.22
1,1546416616572,6.46,3.33,-7.38
1,1546416616585,6.54,2.73,-7.36
1,1546416616598,7.24,2.73,-7.26
1,1546416616600,8.22,3.35,-6.93
1,1546416616602,7.89,3.96,-7.65
1,1546416616603,7.12,3.78,-8.02
1,1546416616605,6.83,2.92,-7.55
1,1546416616606,7.42,3.14,-6.85
1,1546416616729,6.91,3.86,-6.91
1,1546416616731,6.32,3.98,-7.91
1,1546416616733,6.11,3.57,-8.32
1,1546416616734,6.71,2.79,-7.91
1,1546416616735,6.23,3.9,-8.37
1,1546416616802,5.11,3.92,-8.63
1,1546416616821,5.11,4.68,-8.78
1,1546416616821,2.91,6.21,-10.39
1,1546416616821,1.3,7.79,-12.48
1,1546416616822,-0.72,8.94,-10.25
1,1546416616822,4.55,2.12,-8.24
1,1546416616822,8.26,0.07,-8.78
1,1546416616822,6.3,1.36,-10.11
1,1546416616884,6.42,0.8,-9.23
1,1546416616884,4.98,0.58,-8.26
1,1546416616884,5.07,0.15,-8.24
1,1546416616884,4.68,0.41,-8.32
1,1546416616885,4.47,0.44,-8.16
1,1546416616885,4.51,0.11,-8.14
1,1546416616885,4.53,-0.29,-8.39
1,1546416616885,4.76,-0.09,-8.51
1,1546416616948,4.92,-0.42,-8.39
1,1546416616968,5.44,0.13,-8.3
1,1546416616968,5.6,0.76,-8.18
1,1546416616969,5.85,1.95,-8.28
1,1546416616969,6.5,3.53,-9.58
1,1546416616969,6.3,2.14,-9.0
1,1546416616970,6.56,0.91,-7.96
1,1546416616970,7.12,2.01,-7.26
1,1546416617028,7.59,4.12,-7.55
1,1546416617029,7.5,3.65,-7.85
1,1546416617030,7.05,1.21,-7.83
1,1546416617031,7.2,-0.87,-7.79
1,1546416617031,7.32,-0.44,-7.73
1,1546416617032,6.4,-0.91,-7.36
1,1546416617033,6.46,-1.03,-7.36
1,1546416617034,6.81,-0.99,-7.51
1,1546416617100,6.83,-1.09,-7.48
1,1546416617102,7.57,-0.64,-7.75
1,1546416617102,8.0,-0.11,-7.98
1,1546416617103,7.92,0.35,-8.18
1,1546416617121,7.67,0.33,-8.22
1,1546416617122,7.48,-0.11,-7.69
1,1546416617122,7.67,-0.15,-7.46
1,1546416617123,7.81,0.03,-7.53
1,1546416617175,7.94,0.23,-7.89
1,1546416617179,7.92,0.56,-8.51
1,1546416617182,8.55,0.78,-6.69
1,1546416617183,8.69,-3.92,6.56
1,1546416617184,7.42,-17.63,-1.25
1,1546416617185,13.78,8.39,-14.86
1,1546416617186,5.6,15.07,-12.16
1,1546416617252,2.16,8.2,-9.25
1,1546416617254,7.26,-0.89,-5.7
1,1546416617257,11.73,-2.16,-6.75
1,1546416617258,7.2,6.34,-10.03
1,1546416617260,7.59,3.9,-9.23
1,1546416617261,9.55,0.99,-8.41
1,1546416617263,10.07,0.87,-8.35
1,1546416617266,8.37,1.26,-8.2
1,1546416617327,8.73,0.64,-7.2
1,1546416617328,9.17,1.26,-6.36
1,1546416617329,8.96,2.65,-6.42
1,1546416617331,8.14,3.49,-7.08
1,1546416617331,8.0,2.57,-6.81
1,1546416617332,8.35,1.81,-6.42
1,1546416617333,8.45,1.67,-6.13
1,1546416617334,8.32,1.67,-6.25
1,1546416617400,8.65,1.44,-6.05
1,1546416617400,8.24,0.58,-5.62
1,1546416617401,8.28,0.31,-5.23
1,1546416617401,9.06,0.66,-5.11
1,1546416617402,9.17,1.52,-4.94
1,1546416617402,8.76,1.17,-4.72
1,1546416617403,8.8,1.05,-4.94
1,1546416617475,8.49,0.93,-5.19
1,1546416617476,7.65,0.7,-4.57
1,1546416617477,7.34,-0.37,-4.55
1,1546416617477,7.61,1.07,-4.7
1,1546416617478,7.36,2.26,-4.72
1,1546416617478,6.81,1.75,-4.39
1,1546416617491,6.87,1.23,-4.27
1,1546416617492,6.73,1.17,-4.43
1,1546416617550,6.6,1.36,-4.53
1,1546416617551,6.38,2.07,-4.64
1,1546416617551,6.05,1.99,-4.84
1,1546416617552,6.19,1.85,-4.9
1,1546416617552,6.36,1.81,-5.0
1,1546416617552,6.26,1.73,-5.23
1,1546416617553,6.13,1.93,-5.48
1,1546416617626,6.15,1.93,-5.48
1,1546416617628,6.32,2.12,-5.54
1,1546416617630,6.23,2.14,-5.5
1,1546416617631,6.01,2.51,-5.83
1,1546416617632,6.09,2.36,-5.95
1,1546416617632,6.05,2.34,-6.03
1,1546416617634,6.19,2.42,-5.95
1,1546416617636,5.87,2.5,-6.3
1,1546416617699,5.91,2.55,-6.56
1,1546416617700,5.85,2.44,-6.87
1,1546416617701,5.91,2.57,-6.99
1,1546416617701,5.72,2.69,-7.67
1,1546416617702,5.66,2.71,-7.83
1,1546416617702,5.85,2.55,-7.92
1,1546416617703,6.17,2.53,-8.24
1,1546416617703,6.19,2.63,-8.47
1,1546416617774,6.46,3.06,-8.96
1,1546416617775,6.73,3.16,-9.29
1,1546416617776,7.24,3.12,-9.53
1,1546416617776,8.02,2.71,-9.74
1,1546416617777,10.42,2.14,-9.47
1,1546416617778,10.62,2.61,-9.35
1,1546416617778,10.25,2.79,-9.16
1,1546416617850,9.33,2.75,-8.76
1,1546416617852,10.33,2.22,-7.63
1,1546416617852,10.83,2.1,-7.12
1,1546416617853,10.21,2.08,-6.62
1,1546416617853,9.12,2.12,-6.26
1,1546416617854,7.92,1.71,-6.28
1,1546416617879,7.03,0.37,-6.32
1,1546416617880,7.38,0.56,-6.25
1,1546416617928,7.77,0.97,-6.58
1,1546416617929,8.0,1.21,-6.91
1,1546416617930,7.85,0.72,-6.93
1,1546416617930,8.0,0.52,-6.83
1,1546416617931,7.96,0.58,-6.66
1,1546416617932,7.59,0.62,-6.69
1,1546416617933,7.32,0.8,-6.83
1,1546416618005,7.38,1.19,-6.75
1,1546416618007,7.4,1.56,-6.69
1,1546416618008,7.32,1.91,-6.75
1,1546416618010,7.08,1.56,-6.71
1,1546416618011,7.2,1.26,-6.64
1,1546416618013,7.22,1.28,-6.6
1,1546416618018,7.18,1.48,-6.42
1,1546416618020,7.12,1.75,-6.34
1,1546416618082,7.08,1.83,-6.69
1,1546416618086,7.28,1.44,-6.38
1,1546416618088,6.75,0.62,-6.44
1,1546416618089,6.36,0.35,-6.44
1,1546416618091,6.69,0.68,-6.15
1,1546416618092,6.44,1.07,-6.07
1,1546416618093,6.17,0.99,-6.19
1,1546416618094,6.25,0.7,-6.17
1,1546416618150,6.15,0.17,-6.13
1,1546416618151,5.95,-0.25,-6.09
1,1546416618152,5.97,-0.23,-6.11
1,1546416618153,6.19,0.07,-6.03
1,1546416618153,6.13,0.54,-6.11
1,1546416618154,5.99,0.46,-6.19
1,1546416618154,6.07,0.42,-6.34
1,1546416618226,6.28,0.52,-6.62
1,1546416618227,6.64,1.26,-7.16
1,1546416618227,6.83,1.44,-7.55
1,1546416618228,7.14,1.4,-7.67
1,1546416618228,7.32,1.32,-7.63
1,1546416618229,7.4,1.38,-7.61
1,1546416618229,7.75,1.46,-7.55
1,1546416618230,7.92,1.19,-7.5
1,1546416618301,8.16,0.99,-7.57
1,1546416618318,8.49,1.19,-7.79
1,1546416618319,9.25,2.03,-7.92
1,1546416618320,9.35,1.91,-7.92
1,1546416618320,9.31,1.38,-7.94
1,1546416618321,9.33,1.11,-8.14
1,1546416618322,9.66,1.32,-8.63
1,1546416618374,9.98,1.75,-8.55
1,1546416618401,10.19,2.14,-8.39
1,1546416618402,9.96,2.57,-8.43
1,1546416618402,9.47,1.97,-7.91
1,1546416618403,9.29,1.95,-7.48
1,1546416618403,8.88,2.38,-7.01
1,1546416618404,8.75,3.06,-6.64
1,1546416618404,8.84,3.39,-6.34
1,1546416618452,8.92,2.5,-5.52
1,1546416618452,8.96,1.83,-4.84
1,1546416618453,9.02,2.05,-4.76
1,1546416618466,8.96,2.59,-4.86
1,1546416618466,8.69,2.05,-4.47
1,1546416618466,8.43,1.5,-4.62
1,1546416618467,8.04,1.11,-4.72
1,1546416618467,7.71,1.26,-4.78
1,1546416618523,7.4,2.69,-4.49
1,1546416618524,7.18,2.75,-4.29
1,1546416618524,6.52,2.3,-4.12
1,1546416618524,6.07,2.61,-3.45
1,1546416618524,5.91,2.16,-3.55
1,1546416618525,5.48,4.17,-4.17
1,1546416618531,4.92,5.44,-4.6
1,1546416618595,4.37,4.98,-4.57
1,1546416618595,4.23,4.51,-4.62
1,1546416618596,4.49,3.9,-4.66
1,1546416618596,4.8,3.84,-4.58
1,1546416618598,4.88,3.73,-4.64
1,1546416618598,4.98,3.75,-4.64
1,1546416618599,5.35,3.69,-4.29
1,1546416618599,5.27,3.24,-4.08
1,1546416618674,5.23,3.26,-4.16
1,1546416618682,5.37,3.41,-4.49
1,1546416618683,5.33,3.26,-4.74
1,1546416618683,5.01,2.87,-4.51
1,1546416618683,4.86,3.41,-4.94
1,1546416618683,4.84,3.67,-5.25
1,1546416618684,4.78,3.51,-5.23
1,1546416618748,4.58,3.94,-5.58
1,1546416618748,4.57,3.86,-5.52
1,1546416618748,4.8,4.02,-5.37
1,1546416618749,4.74,5.93,-5.99
1,1546416618749,4.82,6.38,-6.46
1,1546416618766,4.58,5.5,-7.08
1,1546416618767,4.27,3.78,-7.42
1,1546416618767,4.19,3.02,-7.48
1,1546416618824,5.23,3.06,-6.67
1,1546416618825,5.58,2.59,-6.03
1,1546416618828,5.82,3.18,-6.28
1,1546416618829,5.97,4.58,-7.3
1,1546416618830,6.4,6.79,-9.31
1,1546416618831,6.93,6.77,-9.66
1,1546416618831,7.1,6.05,-9.9
1,1546416618832,7.07,5.68,-10.27
1,1546416618899,7.91,5.62,-10.89
1,1546416618900,8.69,5.19,-10.58
1,1546416618920,9.21,5.03,-10.21
1,1546416618920,9.49,4.98,-9.76
1,1546416618921,7.79,5.07,-8.88
1,1546416618921,5.42,3.96,-8.57
1,1546416618921,6.5,2.92,-8.51
1,1546416618981,7.07,2.75,-8.69
1,1546416618982,8.12,2.65,-8.53
1,1546416618982,9.1,1.44,-7.59
1,1546416618982,8.63,1.13,-7.18
1,1546416618982,8.69,1.21,-7.16
1,1546416618983,8.96,1.4,-7.32
1,1546416618983,8.53,1.11,-7.55
1,1546416618983,8.35,0.99,-7.24
1,1546416619049,8.14,1.01,-6.85
1,1546416619050,8.02,1.3,-6.5
1,1546416619050,7.44,1.73,-6.15
1,1546416619069,7.12,1.66,-6.09
1,1546416619070,6.95,1.48,-5.89
1,1546416619070,6.73,1.25,-5.72
1,1546416619070,6.3,0.64,-5.7
1,1546416619121,6.32,1.11,-5.64
1,1546416619122,6.11,1.66,-5.64
1,1546416619124,5.44,1.28,-6.01
1,1546416619126,5.29,0.82,-6.17
1,1546416619126,5.13,1.01,-6.34
1,1546416619127,5.11,1.13,-6.58
1,1546416619127,4.98,0.99,-6.54
1,1546416619128,5.09,0.68,-6.42
1,1546416619201,5.72,0.97,-6.32
1,1546416619204,5.58,1.62,-6.85
1,1546416619206,5.91,1.58,-6.44
1,1546416619208,6.07,1.28,-6.17
1,1546416619209,5.07,1.17,-7.22
1,1546416619210,5.62,2.26,-7.4
1,1546416619210,5.87,2.75,-7.42
1,1546416619211,5.74,2.44,-7.63
1,1546416619280,6.52,2.55,-7.91
1,1546416619281,6.79,2.61,-7.79
1,1546416619283,6.67,2.26,-7.79
1,1546416619284,6.58,2.46,-8.35
1,1546416619285,7.01,3.02,-8.86
1,1546416619286,7.2,3.22,-8.92
1,1546416619287,7.4,3.32,-8.98
1,1546416619350,7.57,3.1,-8.96
1,1546416619351,7.92,2.98,-8.9
1,1546416619351,8.78,4.57,-9.88
1,1546416619351,8.96,5.21,-9.8
1,1546416619374,9.0,4.96,-8.76
1,1546416619375,8.9,5.17,-8.76
1,1546416619375,9.21,5.95,-8.41
1,1546416619375,8.37,5.7,-7.46
1,1546416619441,7.48,5.35,-7.18
1,1546416619441,7.14,4.51,-6.64
1,1546416619442,6.83,4.45,-6.05
1,1546416619442,6.52,4.94,-5.46
1,1546416619442,6.26,4.82,-5.21
1,1546416619443,6.44,4.76,-5.76
1,1546416619444,6.25,4.17,-6.99
1,1546416619497,5.87,3.51,-7.48
1,1546416619505,5.7,3.53,-8.22
1,1546416619506,5.56,4.31,-8.32
1,1546416619506,4.94,4.25,-8.37
1,1546416619506,5.0,4.31,-8.76
1,1546416619506,5.19,4.33,-8.73
1,1546416619507,5.46,3.63,-8.04
1,1546416619507,6.19,3.35,-7.08
1,1546416619572,6.85,2.92,-5.19
1,1546416619590,6.87,3.41,-4.78
1,1546416619590,6.83,4.04,-4.66
1,1546416619590,6.83,4.58,-4.43
1,1546416619591,5.82,5.19,-3.88
1,1546416619591,5.37,5.41,-3.37
1,1546416619591,5.01,5.19,-2.96
1,1546416619591,4.64,4.78,-2.46
1,1546416619647,3.9,3.0,-1.15
1,1546416619648,3.88,2.28,-1.81
1,1546416619648,3.9,2.96,-2.65
1,1546416619649,3.61,3.94,-3.32
1,1546416619649,3.06,4.55,-3.8
1,1546416619650,3.0,5.44,-3.55
1,1546416619650,3.43,6.21,-3.12
1,1546416619723,3.49,6.15,-2.59
1,1546416619743,3.0,5.19,-2.01
1,1546416619744,3.39,3.92,-2.2
1,1546416619744,3.76,4.19,-2.79
1,1546416619745,3.75,4.94,-3.3
1,1546416619745,3.53,5.78,-3.32
1,1546416619745,4.06,6.25,-2.65
1,1546416619745,4.37,6.17,-2.01
1,1546416619798,4.35,5.99,-1.58
1,1546416619799,3.98,5.99,-1.52
1,1546416619808,3.98,7.07,-2.51
1,1546416619808,3.86,7.26,-2.87
1,1546416619809,3.37,6.66,-2.87
1,1546416619809,3.28,5.95,-2.55
1,1546416619809,3.57,5.8,-1.87
1,1546416619881,3.9,5.42,-1.91
1,1546416619882,4.33,5.21,-2.03
1,1546416619882,4.68,5.25,-2.08
1,1546416619883,4.45,5.39,-2.34
1,1546416619883,4.72,4.64,-2.98
1,1546416619884,5.09,4.51,-3.39
1,1546416619884,5.58,5.21,-3.57
1,1546416619884,5.97,5.44,-3.73
1,1546416619949,6.67,4.16,-3.88
1,1546416619950,7.42,4.35,-4.04
1,1546416619950,8.02,5.03,-4.23
1,1546416619960,8.33,5.46,-4.08
1,1546416619961,8.59,4.29,-3.26
1,1546416619962,8.88,4.0,-3.08
1,1546416619964,9.41,4.1,-2.96
1,1546416619965,10.27,4.45,-2.92
1,1546416620023,10.78,4.72,-3.04
1,1546416620024,9.88,4.19,-3.67
1,1546416620051,9.45,3.78,-3.75
1,1546416620052,9.25,3.78,-3.88
1,1546416620052,9.02,4.53,-4.0
1,1546416620053,9.41,5.05,-2.75
1,1546416620054,9.88,4.98,-1.95
1,1546416620100,9.53,4.23,-1.93
1,1546416620102,9.39,2.96,-2.07
1,1546416620102,10.52,3.16,-2.1
1,1546416620104,10.72,4.55,-2.12
1,1546416620105,10.42,5.64,-2.48
1,1546416620105,9.96,5.15,-2.48
1,1546416620106,9.74,2.87,-2.34
1,1546416620107,9.35,2.73,-2.73
1,1546416620174,9.96,2.91,-2.26
1,1546416620175,11.36,3.14,-1.38
1,1546416620177,11.77,3.45,-0.68
1,1546416620178,10.19,2.3,-0.89
1,1546416620180,10.13,1.99,-1.6
1,1546416620181,10.44,2.53,-2.1
1,1546416620181,11.09,3.33,-2.32
1,1546416620251,12.07,3.28,-0.74
1,1546416620251,11.07,1.25,-0.78
1,1546416620251,10.99,0.29,-0.8
1,1546416620262,11.11,-0.31,-0.97
1,1546416620262,11.05,0.52,-1.05
1,1546416620263,11.32,0.68,-0.42
1,1546416620263,11.54,0.68,-0.39
1,1546416620263,11.81,0.76,-0.56
1,1546416620323,11.62,0.52,-1.01
1,1546416620325,11.75,1.07,-1.6
1,1546416620326,11.95,2.12,-2.07
1,1546416620327,12.03,2.03,-1.62
1,1546416620328,11.95,1.32,-1.54
1,1546416620329,12.42,2.81,-0.82
1,1546416620330,12.22,2.85,-0.21
1,1546416620331,11.97,2.53,-0.01
1,1546416620401,12.05,2.59,0.37
1,1546416620401,11.83,1.4,1.71
1,1546416620401,11.95,2.2,1.91
1,1546416620414,11.34,1.62,0.19
1,1546416620414,11.01,0.25,-0.62
1,1546416620414,12.32,1.46,-1.07
1,1546416620415,12.36,2.57,-0.82
1,1546416620475,12.05,0.62,2.18
1,1546416620497,11.54,-0.78,3.98
1,1546416620497,9.17,-0.27,-0.48
1,1546416620497,10.95,-1.36,0.31
1,1546416620498,11.91,5.27,-2.53
1,1546416620498,9.39,6.03,-6.25
1,1546416620498,13.76,6.81,-3.04
1,1546416620498,11.42,0.85,-6.01
1,1546416620548,13.51,2.26,16.62
1,1546416620565,7.14,-2.69,3.39
1,1546416620566,6.13,-2.5,2.26
1,1546416620566,7.94,-3.26,0.74
1,1546416620566,9.14,-1.44,0.46
1,1546416620566,10.0,1.83,-0.48
1,1546416620566,10.54,4.74,-1.5
1,1546416620647,10.85,5.52,-0.87
1,1546416620649,11.23,5.13,-0.21
1,1546416620649,11.32,3.9,0.68
1,1546416620650,11.09,2.53,0.48
1,1546416620651,10.31,0.01,0.8
1,1546416620652,10.27,-0.52,1.21
1,1546416620653,10.17,-0.25,0.64
1,1546416620654,10.27,0.82,-1.21
1,1546416620703,10.44,2.87,-3.51
1,1546416620705,10.62,2.71,-3.24
1,1546416620706,10.93,2.34,-2.79
1,1546416620707,11.42,2.3,-2.48
1,1546416620708,11.66,2.4,-2.28
1,1546416620709,11.62,2.18,-2.46
1,1546416620710,11.62,1.91,-2.53
1,1546416620711,11.69,1.66,-2.48
1,1546416620771,11.81,1.44,-2.5
1,1546416620772,11.73,1.09,-2.53
1,1546416620773,11.6,0.87,-2.59
1,1546416620774,10.99,0.58,-2.44
1,1546416620774,10.56,0.56,-2.34
1,1546416620774,9.84,0.46,-2.28
1,1546416620775,9.57,0.52,-2.48
1,1546416620848,9.37,0.66,-2.65
1,1546416620849,9.33,0.91,-2.79
1,1546416620849,9.19,1.15,-2.81
1,1546416620851,9.12,1.07,-2.77
1,1546416620852,8.96,0.89,-2.85
1,1546416620853,8.86,0.78,-3.0
1,1546416620855,8.75,0.76,-3.14
1,1546416620856,8.51,0.58,-3.41
1,1546416620926,8.41,0.64,-3.49
1,1546416620927,8.43,0.6,-3.51
1,1546416620927,8.45,0.56,-3.57
1,1546416620928,8.98,0.48,-4.14
1,1546416620928,9.45,0.33,-4.47
1,1546416620929,9.96,0.05,-4.74
1,1546416620929,10.44,-0.19,-4.84
1,1546416621000,11.05,-0.56,-4.96
1,1546416621004,10.99,-0.82,-5.03
1,1546416621006,10.78,-0.78,-5.0
1,1546416621008,10.64,-0.41,-4.84
1,1546416621009,10.52,0.52,-4.29
1,1546416621010,10.56,0.74,-3.92
1,1546416621012,10.74,1.03,-3.49
1,1546416621013,10.85,1.4,-3.16
1,1546416621074,11.09,1.54,-2.87
1,1546416621075,11.77,2.07,-2.46
1,1546416621075,12.05,1.97,-2.03
1,1546416621076,12.28,2.24,-1.75
1,1546416621076,12.42,2.63,-1.66
1,1546416621077,12.57,2.73,-1.36
1,1546416621077,12.69,2.32,-1.11
1,1546416621150,13.51,1.99,-1.01
1,1546416621152,13.94,1.69,-0.76
1,1546416621154,15.56,5.31,0.91
1,1546416621155,15.97,7.26,1.75
1,1546416621156,15.07,8.0,2.67
1,1546416621157,13.73,7.24,2.85
1,1546416621158,12.71,-1.01,4.58
1,1546416621160,12.38,-5.6,5.99
1,1546416621224,11.85,-8.51,6.75
1,1546416621225,10.68,-8.82,6.97
1,1546416621225,9.14,-6.99,6.5
1,1546416621226,8.28,-3.63,5.11
1,1546416621227,8.14,-2.38,4.64
1,1546416621227,7.83,-1.66,4.21
1,1546416621228,7.2,-0.8,3.55
1,1546416621228,6.09,0.99,2.48
1,1546416621302,5.85,2.12,2.24
1,1546416621304,5.58,3.24,2.08
1,1546416621305,5.44,4.27,1.85
1,1546416621306,5.99,6.28,0.93
1,1546416621307,6.38,6.71,0.5
1,1546416621308,6.67,6.52,0.21
1,1546416621309,6.81,5.91,0.03
1,1546416621382,7.26,5.11,-0.66
1,1546416621383,7.55,4.94,-1.05
1,1546416621384,7.77,4.6,-1.21
1,1546416621385,7.79,3.8,-1.09
1,1546416621386,7.51,1.62,-0.52
1,1546416621387,7.32,0.85,-0.21
1,1546416621387,7.24,0.66,0.01
1,1546416621388,7.24,1.15,-0.07
1,1546416621448,7.24,1.93,-0.11
1,1546416621449,6.93,2.69,-0.42
1,1546416621449,7.01,2.55,-0.83
1,1546416621450,7.61,2.91,-1.3
1,1546416621450,8.39,4.6,-2.34
1,1546416621451,8.84,9.64,-4.16
1,1546416621451,8.63,10.64,-4.88
1,1546416621452,8.47,10.76,-5.35
1,1546416621525,8.71,10.25,-5.8
1,1546416621526,9.04,9.74,-6.38
1,1546416621527,8.73,10.05,-6.67
1,1546416621528,8.3,10.48,-6.91
1,1546416621529,8.0,10.68,-7.07
1,1546416621530,7.63,10.56,-6.95
1,1546416621531,7.14,9.43,-6.38
1,1546416621600,6.95,8.67,-6.19
1,1546416621601,6.79,7.87,-6.09
1,1546416621602,6.67,7.18,-6.03
1,1546416621603,6.32,6.75,-5.87
1,1546416621604,6.13,6.97,-5.78
1,1546416621604,6.01,7.42,-5.7
1,1546416621605,5.91,7.91,-5.58
1,1546416621605,5.76,9.02,-5.48
1,1546416621680,5.56,9.31,-5.46
1,1546416621682,5.31,9.45,-5.48
1,1546416621683,5.09,9.45,-5.46
1,1546416621684,4.66,8.45,-5.15
1,1546416621685,4.45,7.71,-4.84
1,1546416621686,4.35,7.24,-4.57
1,1546416621687,4.17,6.97,-4.27
1,1546416621748,3.75,6.4,-3.61
1,1546416621748,3.69,6.25,-3.39
1,1546416621749,3.82,6.21,-3.24
1,1546416621750,3.92,6.09,-3.04
1,1546416621750,3.8,5.83,-2.77
1,1546416621751,3.12,5.0,-2.36
1,1546416621751,2.98,4.94,-2.28
1,1546416621751,3.12,5.03,-2.4
1,1546416621824,3.3,5.33,-2.5
1,1546416621825,3.47,5.7,-2.71
1,1546416621825,3.47,5.82,-2.81
1,1546416621825,3.51,5.95,-2.98
1,1546416621826,3.78,6.15,-3.1
1,1546416621827,4.55,6.46,-3.14
1,1546416621827,4.78,6.48,-3.0
1,1546416621901,4.86,6.44,-2.77
1,1546416621902,4.86,6.34,-2.5
1,1546416621902,5.23,6.32,-2.14
1,1546416621904,5.44,6.5,-2.18
1,1546416621904,5.68,6.81,-2.28
1,1546416621905,5.85,6.99,-2.46
1,1546416621905,5.99,7.14,-2.63
1,1546416621905,6.23,7.4,-2.87
1,1546416621978,6.21,7.28,-2.77
1,1546416621979,5.97,7.1,-2.48
1,1546416621979,5.83,7.03,-2.3
1,1546416621979,6.19,7.59,-1.95
1,1546416621980,6.54,8.14,-1.81
1,1546416621980,6.81,8.86,-1.64
1,1546416621980,7.03,9.72,-1.52
1,1546416621980,7.51,10.89,-1.25
1,1546416622047,7.48,10.93,-0.95
1,1546416622048,7.28,10.5,-0.56
1,1546416622048,6.91,9.6,-0.05
1,1546416622049,6.15,7.92,1.07
1,1546416622049,5.76,7.3,1.52
1,1546416622049,5.27,6.91,1.75
1,1546416622050,4.92,6.81,2.14
1,1546416622126,4.86,6.97,2.34
1,1546416622128,4.8,7.16,2.71
1,1546416622131,4.7,6.97,2.79
1,1546416622132,4.55,6.73,2.73
1,1546416622133,4.37,6.56,2.55
1,1546416622134,4.12,6.23,2.24
1,1546416622134,3.76,6.11,1.91
1,1546416622135,3.55,5.99,1.58
1,1546416622200,3.32,6.01,1.23
1,1546416622201,2.92,6.13,0.74
1,1546416622201,2.71,6.15,0.64
1,1546416622201,2.53,6.23,0.56
1,1546416622202,2.46,6.34,0.56
1,1546416622202,2.42,6.48,0.72
1,1546416622202,2.28,6.83,0.99
1,1546416622203,2.2,6.95,1.15
1,1546416622280,2.05,7.07,1.21
1,1546416622281,2.07,7.38,1.26
1,1546416622282,2.26,8.1,1.26
1,1546416622282,2.28,8.24,1.26
1,1546416622283,2.22,8.26,1.23
1,1546416622284,2.24,8.32,1.09
1,1546416622284,2.42,8.69,0.8
1,1546416622350,2.48,8.86,0.85
1,1546416622351,2.53,9.04,0.97
1,1546416622351,2.61,9.31,1.05
1,1546416622352,2.63,9.43,1.17
1,1546416622352,2.61,9.45,1.21
1,1546416622352,2.61,9.47,1.26
1,1546416622353,2.53,9.47,1.23
1,1546416622353,2.32,9.43,1.25
1,1546416622421,2.24,9.53,1.3
1,1546416622422,2.3,9.78,1.34
1,1546416622423,2.38,10.15,1.3
1,1546416622423,2.69,10.66,1.44
1,1546416622428,2.89,10.85,1.54
1,1546416622429,3.18,10.95,1.66
1,1546416622429,3.51,11.25,1.75
1,1546416622503,3.86,11.6,1.75
1,1546416622515,4.64,12.07,1.91
1,1546416622515,4.7,11.91,1.97
1,1546416622516,4.8,11.85,1.95
1,1546416622516,5.0,12.05,1.91
1,1546416622517,5.27,12.75,1.77
1,1546416622517,5.27,12.63,1.77
1,1546416622518,5.15,12.08,1.91
1,1546416622580,4.76,11.23,2.1
1,1546416622581,3.92,9.7,2.26
1,1546416622581,3.63,9.29,2.2
1,1546416622581,3.35,9.12,2.03
1,1546416622582,3.1,9.19,1.83
1,1546416622582,2.81,9.33,1.34
1,1546416622582,2.83,9.45,0.95
1,1546416622647,2.94,9.66,0.56
1,1546416622671,3.04,10.09,0.01
1,1546416622672,3.18,10.62,-0.39
1,1546416622673,3.57,11.38,-1.09
1,1546416622674,3.67,11.4,-1.32
1,1546416622675,3.76,11.17,-1.42
1,1546416622676,3.84,10.72,-1.38
1,1546416622677,3.92,9.68,-1.21
1,1546416622726,3.82,9.16,-1.09
1,1546416622728,3.57,8.51,-0.97
1,1546416622729,3.3,7.87,-0.83
1,1546416622730,2.96,7.2,-0.91
1,1546416622731,2.83,7.08,-1.01
1,1546416622735,2.73,6.97,-1.23
1,1546416622737,2.69,6.91,-1.5
1,1546416622738,2.65,7.01,-1.91
1,1546416622798,2.69,7.12,-2.08
1,1546416622799,2.69,7.16,-2.22
1,1546416622799,2.69,7.2,-2.4
1,1546416622800,2.77,7.2,-2.48
1,1546416622801,2.94,7.07,-2.55
1,1546416622802,3.0,6.87,-2.57
1,1546416622803,3.04,6.73,-2.61
1,1546416622883,3.12,6.54,-2.59
1,1546416622884,3.24,6.58,-2.67
1,1546416622885,3.37,6.75,-2.63
1,1546416622885,3.43,6.91,-2.71
1,1546416622886,3.47,7.01,-2.79
1,1546416622887,3.63,7.32,-3.04
1,1546416622887,3.76,7.51,-3.04
1,1546416622888,3.9,7.73,-3.12
1,1546416622947,4.08,7.94,-3.16
1,1546416622948,4.31,8.16,-3.14
1,1546416622972,4.25,8.08,-3.0
1,1546416622973,4.1,8.02,-2.87
1,1546416622974,3.9,8.08,-2.67
1,1546416622975,3.8,8.37,-2.53
1,1546416622975,3.71,8.88,-1.99
1,1546416623025,3.63,9.04,-1.67
1,1546416623043,3.55,9.21,-1.38
1,1546416623043,3.61,9.49,-1.15
1,1546416623044,3.8,9.78,-0.72
1,1546416623044,3.92,9.72,-0.5
1,1546416623044,4.06,9.6,-0.31
1,1546416623045,4.14,9.45,-0.13
1,1546416623045,4.23,9.21,0.48
1,1546416623099,4.21,9.31,0.8
1,1546416623100,4.17,9.31,1.13
1,1546416623125,4.02,9.21,1.52
1,1546416623126,3.71,8.69,2.28
1,1546416623127,3.51,8.3,2.36
1,1546416623127,3.28,8.02,2.36
1,1546416623128,3.12,7.83,2.36
1,1546416623128,2.94,7.69,2.32
1,1546416623175,2.53,7.51,1.93
1,1546416623176,2.28,7.48,1.71
1,1546416623199,2.07,7.46,1.56
1,1546416623200,1.89,7.48,1.36
1,1546416623201,1.69,7.48,1.15
1,1546416623201,1.71,7.5,1.15
1,1546416623202,1.64,7.46,1.15
1,1546416623247,1.52,7.36,1.19
1,1546416623261,1.25,7.24,1.48
1,1546416623261,1.11,7.24,1.46
1,1546416623262,1.01,7.3,1.44
1,1546416623262,0.91,7.36,1.38
1,1546416623262,0.64,7.48,1.11
1,1546416623262,0.56,7.57,0.93
1,1546416623262,0.42,7.73,0.76
1,1546416623321,0.39,8.1,0.44
1,1546416623337,0.42,9.08,-0.05
1,1546416623337,0.52,9.58,-0.23
1,1546416623337,0.64,10.13,-0.39
1,1546416623338,0.8,10.62,-0.5
1,1546416623338,1.03,11.09,-0.58
1,1546416623338,1.38,11.75,-0.58
1,1546416623397,1.5,11.85,-0.52
1,1546416623421,1.58,11.79,-0.39
1,1546416623422,1.73,11.73,-0.21
1,1546416623422,2.18,12.14,-0.01
1,1546416623422,2.48,12.48,0.21
1,1546416623423,2.75,12.75,0.33
1,1546416623424,3.06,13.02,0.52
1,1546416623424,3.67,12.96,0.54
1,1546416623490,3.92,12.73,0.42
1,1546416623491,4.12,12.53,0.31
1,1546416623491,4.27,12.28,0.09
1,1546416623491,4.27,11.52,-0.11
1,1546416623492,4.19,10.99,-0.07
1,1546416623492,4.04,10.54,-0.01
1,1546416623492,3.98,10.37,-0.07
1,1546416623492,4.21,11.19,-0.29
1,1546416623547,4.45,11.66,-0.33
1,1546416623548,4.58,11.71,-0.33
1,1546416623549,4.64,11.44,-0.29
1,1546416623555,4.57,10.87,-0.23
1,1546416623556,4.19,9.74,-0.17
1,1546416623556,3.94,9.25,-0.13
1,1546416623557,3.57,8.73,-0.09
1,1546416623622,3.22,8.24,-0.13
1,1546416623698,2.73,7.34,-0.11
1,1546416623791,2.5,7.24,-0.21
1,1546416623791,2.28,7.36,-0.39
1,1546416623792,2.14,7.77,-0.54
1,1546416623792,2.18,8.47,-0.82
1,1546416623792,2.36,8.8,-0.89
1,1546416623793,2.65,9.12,-0.97
1,1546416623793,2.87,9.25,-1.03
1,1546416623794,3.49,9.08,-1.09
1,1546416623850,4.16,6.67,-0.7
1,1546416623850,3.04,4.53,-2.36
1,1546416623850,3.16,4.6,-2.48
1,1546416623851,3.3,4.62,-2.59
1,1546416623851,3.61,4.72,-2.63
1,1546416623858,3.88,4.82,-2.69
1,1546416623859,4.29,5.01,-2.77
1,1546416623860,4.76,5.25,-2.73
1,1546416623921,5.37,4.7,-2.57
1,1546416623950,5.48,3.94,-2.32
1,1546416623951,5.48,3.39,-1.99
1,1546416623951,5.48,3.24,-1.81
1,1546416623952,5.68,3.59,-1.71
1,1546416623953,6.46,4.51,-1.62
1,1546416623953,6.97,4.88,-1.36
1,1546416623954,7.71,5.23,-1.19
1,1546416624007,8.55,5.56,-0.93
1,1546416624008,10.91,8.82,-0.99
1,1546416624009,12.01,10.5,-0.99
1,1546416624009,12.5,10.56,-0.64
1,1546416624010,12.73,9.8,0.07
1,1546416624034,13.63,9.9,0.66
1,1546416624035,13.84,10.13,0.68
1,1546416624035,13.86,10.17,1.07
1,1546416624078,13.49,9.88,1.66
1,1546416624079,12.75,7.53,3.0
1,1546416624079,12.63,6.4,3.75
1,1546416624079,12.42,5.6,4.17
1,1546416624079,11.99,4.96,4.35
1,1546416624080,11.32,4.58,4.35
1,1546416624080,10.25,4.35,4.1
1,1546416624148,10.05,4.33,3.22
1,1546416624149,10.7,4.86,2.67
1,1546416624149,11.42,8.26,2.63
1,1546416624160,7.91,3.92,9.04
1,1546416624160,7.85,9.39,7.91
1,1546416624160,6.71,11.93,5.58
1,1546416624160,5.89,11.42,1.26
1,1546416624161,6.83,12.53,-4.96
1,1546416624223,6.54,8.98,-5.0
1,1546416624224,6.52,7.77,-5.48
1,1546416624226,6.66,7.67,-6.75
1,1546416624227,6.99,13.37,-8.33
1,1546416624229,6.52,14.33,-6.97
1,1546416624230,6.36,12.48,-4.94
1,1546416624231,6.13,9.31,-3.0
1,1546416624232,5.95,7.14,-1.56
1,1546416624299,5.58,6.79,0.37
1,1546416624300,4.94,6.54,1.48
1,1546416624300,4.62,5.7,2.08
1,1546416624300,4.64,5.19,1.93
1,1546416624301,5.11,5.03,0.31
1,1546416624301,4.84,4.9,-0.66
1,1546416624301,4.72,5.07,-1.62
1,1546416624376,4.9,5.41,-2.63
1,1546416624377,4.98,6.34,-4.23
1,1546416624378,5.46,6.44,-5.44
1,1546416624378,5.78,5.01,-5.89
1,1546416624379,5.74,3.0,-5.48
1,1546416624379,4.39,2.55,-3.59
1,1546416624380,4.39,1.17,-2.36
1,1546416624402,4.37,-1.13,0.07
1,1546416624453,3.26,-3.2,2.96
1,1546416624454,0.64,-5.76,5.54
1,1546416624454,0.54,-4.72,4.49
1,1546416624454,2.1,-2.61,3.02
1,1546416624454,3.26,-1.36,2.18
1,1546416624455,3.84,-1.26,1.13
1,1546416624455,6.05,-0.78,-1.52
1,1546416624523,6.99,-1.77,-1.79
1,1546416624524,8.24,-3.04,-2.46
1,1546416624524,10.7,-3.33,-3.57
1,1546416624525,16.85,-3.18,-6.05
1,1546416624526,19.78,-2.81,-7.03
1,1546416624527,22.79,-1.3,-7.05
1,1546416624528,24.68,1.03,-6.56
1,1546416624528,24.02,3.35,-5.64
1,1546416624597,23.18,2.32,-5.31
1,1546416624599,22.75,2.36,-5.25
1,1546416624600,21.58,2.77,-4.6
1,1546416624601,17.57,1.21,-3.14
1,1546416624602,15.99,0.87,-2.87
1,1546416624603,14.55,1.03,-2.61
1,1546416624604,13.75,1.26,-2.18
1,1546416624605,13.32,2.3,-1.66
1,1546416624672,11.25,3.02,1.28
1,1546416624673,9.78,1.62,2.79
1,1546416624674,9.08,0.91,3.57
1,1546416624674,8.32,2.89,3.49
1,1546416624674,3.9,8.26,-2.5
1,1546416624675,2.55,7.36,-5.78
1,1546416624675,3.32,4.62,-6.44
1,1546416624746,3.18,4.57,-6.26
1,1546416624747,1.52,5.52,-7.2
1,1546416624747,3.16,4.78,-7.1
1,1546416624748,2.63,4.57,-6.42
1,1546416624748,2.3,3.82,-5.39
1,1546416624748,1.64,2.75,1.26
1,1546416624749,0.19,3.94,2.65
1,1546416624749,0.74,5.11,2.42
1,1546416624819,2.32,7.08,1.19
1,1546416624819,3.76,9.27,-0.72
1,1546416624836,5.78,12.03,-2.2
1,1546416624837,7.42,13.82,-2.65
1,1546416624837,9.51,16.17,-3.88
1,1546416624837,11.44,18.22,-5.93
1,1546416624837,13.82,18.94,-8.61
1,1546416624935,15.35,18.08,-9.29
1,1546416624936,17.07,16.69,-9.64
1,1546416624936,18.41,15.74,-10.25
1,1546416624936,19.64,13.78,-11.79
1,1546416624936,20.23,11.97,-12.1
1,1546416624937,20.39,9.9,-11.44
1,1546416624937,19.72,8.16,-10.0
1,1546416624937,18.94,7.08,-8.41
1,1546416625057,18.59,7.07,-9.57
1,1546416625058,19.23,5.89,-8.1
1,1546416625059,18.51,2.94,-8.26
1,1546416625060,18.73,-0.66,-10.93
1,1546416625061,16.03,-7.14,3.06
1,1546416625123,12.59,-4.78,5.99
1,1546416625124,11.6,-0.6,6.85
1,1546416625124,12.34,3.08,7.34
1,1546416625124,13.22,2.96,7.91
1,1546416625124,11.83,7.03,3.39
1,1546416625125,10.82,9.72,0.83
1,1546416625125,10.42,10.74,-0.5
1,1546416625125,10.07,11.66,-1.81
1,1546416625196,9.78,12.77,-3.02
1,1546416625197,7.36,15.48,-4.64
1,1546416625197,6.48,15.29,-4.31
1,1546416625198,5.72,14.68,-3.78
1,1546416625198,4.72,13.41,-2.57
1,1546416625198,4.16,12.94,-2.4
1,1546416625198,3.71,12.32,-2.36
1,1546416625199,3.3,11.52,-2.38
1,1546416625274,2.18,9.49,-2.59
1,1546416625274,1.54,8.55,-3.02
1,1546416625275,0.83,8.24,-3.33
1,1546416625275,0.29,8.33,-3.65
1,1546416625275,-0.41,8.55,-4.17
1,1546416625275,-0.52,8.0,-4.0
1,1546416625276,-0.58,7.5,-3.76
1,1546416625276,-0.62,7.08,-3.63
1,1546416625346,-0.7,6.62,-3.53
1,1546416625357,-1.26,5.76,-3.08
1,1546416625358,-1.73,5.21,-2.77
1,1546416625358,-2.18,4.49,-2.55
1,1546416625358,-2.46,3.9,-2.57
1,1546416625359,-2.59,3.75,-2.24
1,1546416625359,-2.65,3.63,-1.73
1,1546416625359,-2.67,3.04,-1.13
1,1546416625441,-2.73,2.73,-0.48
1,1546416625442,-2.83,2.87,0.6
1,1546416625442,-2.85,2.81,0.78
1,1546416625442,-2.89,2.87,1.36
1,1546416625442,-2.87,2.71,2.01
1,1546416625443,-2.71,2.5,2.26
1,1546416625443,-2.59,3.1,2.14
1,1546416625443,-2.53,3.65,2.18
1,1546416625508,-2.57,3.82,2.26
1,1546416625508,-2.4,3.63,2.3
1,1546416625509,-2.12,3.2,2.48
1,1546416625509,-2.18,3.2,2.65
1,1546416625509,-2.18,3.55,3.37
1,1546416625509,-1.09,4.96,4.45
1,1546416625510,-3.32,0.8,5.29
1,1546416625510,-3.43,-5.35,6.44
1,1546416625593,-1.5,-3.39,7.07
1,1546416625593,-2.87,-2.42,6.89
1,1546416625594,-4.1,-0.8,4.88
1,1546416625594,-4.88,1.21,4.0
1,1546416625594,-5.54,1.17,3.69
1,1546416625594,-5.91,0.78,4.08
1,1546416625595,-6.52,0.8,5.31
1,1546416625659,-6.48,2.18,5.19
1,1546416625659,-6.69,2.92,5.19
1,1546416625660,-6.95,2.69,5.0
1,1546416625660,-7.48,1.4,5.23
1,1546416625660,-7.26,1.05,5.64
1,1546416625660,-8.04,1.32,5.62
1,1546416625661,-8.14,2.05,5.48
1,1546416625661,-8.47,2.91,5.33
1,1546416625721,-9.66,2.32,5.03
1,1546416625721,-9.47,1.64,4.94
1,1546416625722,-9.29,1.28,4.49
1,1546416625723,-9.23,1.09,4.02
1,1546416625723,-8.33,1.34,3.41
1,1546416625724,-8.14,1.32,3.59
1,1546416625724,-7.59,1.28,3.84
1,1546416625724,-7.4,1.17,4.14
1,1546416625798,-7.79,0.13,4.1
1,1546416625799,-7.3,0.72,3.96
1,1546416625799,-8.08,0.8,4.16
1,1546416625800,-8.55,0.42,4.66
1,1546416625800,-8.53,0.31,4.98
1,1546416625800,-10.0,0.42,5.19
1,1546416625801,-10.15,0.68,4.8
1,1546416625872,-10.39,0.8,4.08
1,1546416625873,-10.82,0.78,3.86
1,1546416625874,-11.42,0.93,3.18
1,1546416625874,-11.93,1.23,2.83
1,1546416625875,-12.48,1.56,2.34
1,1546416625875,-12.85,1.79,2.32
1,1546416625875,-12.63,2.51,2.26
1,1546416625875,-12.28,2.98,2.26
1,1546416625947,-11.64,3.86,2.2
1,1546416625947,-11.03,4.92,2.01
1,1546416625947,-10.23,4.86,2.3
1,1546416625948,-9.8,3.88,2.3
1,1546416625948,-9.62,2.57,2.34
1,1546416625948,-9.53,0.93,2.53
1,1546416625948,-8.71,-1.36,3.41
1,1546416626024,-8.06,-0.7,3.41
1,1546416626025,-7.92,1.11,3.18
1,1546416626025,-7.79,3.08,2.38
1,1546416626026,-7.71,4.19,2.28
1,1546416626026,-7.3,4.04,2.92
1,1546416626098,-6.87,3.16,3.73
1,1546416626098,-6.09,2.75,3.78
1,1546416626099,-5.13,3.76,3.92
1,1546416626099,-5.11,-1.42,11.91
1,1546416626100,-3.49,-2.61,11.77
1,1546416626100,-2.36,-2.4,11.25
1,1546416626100,-3.18,0.39,9.33
1,1546416626100,-4.12,1.79,4.04
1,1546416626174,-3.92,1.46,2.32
1,1546416626174,-3.76,2.1,0.95
1,1546416626175,-3.86,2.85,1.97
1,1546416626175,-3.16,2.79,2.26
1,1546416626175,-2.48,2.3,2.38
1,1546416626245,-2.48,1.09,2.34
1,1546416626246,-2.42,0.01,2.14
1,1546416626246,-2.89,-3.76,1.67
1,1546416626246,-2.92,-5.6,1.67
1,1546416626247,-2.67,-6.99,1.62
1,1546416626258,-2.24,-7.61,1.26
1,1546416626259,-1.52,-7.32,-0.25
1,1546416626260,-0.74,-6.48,-1.09
1,1546416626322,0.05,-5.35,-2.24
1,1546416626343,2.28,0.56,-5.89
1,1546416626343,2.89,1.79,-6.42
1,1546416626343,3.16,3.12,-6.5
1,1546416626344,4.08,5.13,-5.39
1,1546416626344,4.55,5.83,-5.23
1,1546416626344,5.15,6.58,-5.7
1,1546416626344,5.85,7.42,-6.26
1,1546416626396,7.48,9.64,-7.34
1,1546416626396,7.85,10.58,-7.77
1,1546416626396,8.16,10.85,-7.85
1,1546416626409,8.2,11.11,-8.1
1,1546416626410,8.59,12.01,-8.67
1,1546416626410,11.69,16.34,-9.06
1,1546416626410,13.96,21.62,-8.41
1,1546416626410,16.21,25.11,-6.73
1,1546416626472,16.69,23.92,-3.1
1,1546416626472,13.59,17.81,2.79
1,1546416626473,13.51,15.91,3.78
1,1546416626473,14.86,14.25,3.94
1,1546416626473,16.28,11.66,4.33
1,1546416626546,16.21,9.64,4.43
1,1546416626548,16.23,10.56,3.75
1,1546416626548,17.71,13.88,2.67
1,1546416626549,18.78,18.57,1.54
1,1546416626549,17.48,24.76,0.29
1,1546416626549,15.6,23.59,1.46
1,1546416626550,14.16,19.72,2.73
1,1546416626550,13.18,11.54,7.71
1,1546416626623,12.28,6.4,14.51
1,1546416626624,5.0,17.61,8.94
1,1546416626625,5.37,12.96,6.42
1,1546416626651,5.74,8.51,2.28
1,1546416626652,5.17,5.74,2.4
1,1546416626654,5.35,3.26,2.65
1,1546416626655,4.94,2.67,1.58
1,1546416626656,5.29,5.03,-0.35
1,1546416626702,5.58,6.93,-1.69
1,1546416626704,5.68,9.98,-3.3
1,1546416626705,5.44,11.46,-3.71
1,1546416626706,4.57,7.96,-3.75
1,1546416626707,3.75,5.09,-3.49
1,1546416626708,2.77,1.62,-2.67
1,1546416626709,2.36,-1.64,-1.42
1,1546416626709,2.22,-3.51,-1.62
1,1546416626773,2.42,1.3,-5.0
1,1546416626775,2.67,4.84,-5.5
1,1546416626775,2.46,6.85,-4.39
1,1546416626776,1.54,7.67,-2.83
1,1546416626777,-0.35,3.84,-0.44
1,1546416626778,-0.78,1.01,-0.91
1,1546416626779,-0.48,0.27,-1.87
1,1546416626779,0.21,0.27,-3.59
1,1546416626849,3.47,3.73,-4.7
1,1546416626851,5.11,5.39,-3.96
1,1546416626854,6.87,5.89,-4.14
1,1546416626856,8.8,6.48,-5.23
1,1546416626857,12.69,5.46,-6.66
1,1546416626858,14.78,5.07,-7.57
1,1546416626860,16.4,4.37,-8.02
1,1546416626861,17.87,3.65,-7.91
1,1546416626923,19.23,3.55,-7.63
1,1546416626923,20.89,4.37,-9.0
1,1546416626938,20.89,4.82,-9.39
1,1546416626940,20.39,4.66,-9.12
1,1546416626941,19.47,4.31,-8.43
1,1546416626942,16.89,3.57,-7.24
1,1546416626943,15.66,2.85,-6.71
1,1546416627001,14.37,1.81,-5.7
1,1546416627004,12.91,0.76,-4.21
1,1546416627004,10.46,0.44,-1.52
1,1546416627005,9.58,0.27,-0.8
1,1546416627005,8.92,0.11,-0.13
1,1546416627005,8.61,-0.46,0.78
1,1546416627005,8.3,-1.93,1.64
1,1546416627006,8.28,0.03,2.44
1,1546416627075,9.88,2.83,4.47
1,1546416627075,9.72,0.99,10.64
1,1546416627076,8.16,-2.92,16.44
1,1546416627076,4.98,-6.23,20.27
1,1546416627076,5.41,-5.93,17.59
1,1546416627077,6.05,-3.92,13.06
1,1546416627077,6.46,-1.5,9.12
1,1546416627149,4.8,0.56,4.82
1,1546416627151,4.92,1.58,2.05
1,1546416627175,5.58,2.4,1.97
1,1546416627176,6.3,4.0,0.42
1,1546416627176,9.0,11.25,-0.48
1,1546416627177,10.05,14.23,-1.32
1,1546416627177,10.41,15.58,-2.03
1,1546416627177,10.37,14.7,-2.48
1,1546416627223,11.05,10.91,-2.73
1,1546416627224,11.46,8.65,-2.4
1,1546416627224,11.56,6.4,-1.75
1,1546416627225,11.4,4.66,-1.21
1,1546416627233,10.17,3.84,-1.28
1,1546416627234,9.53,5.0,-2.07
1,1546416627234,9.19,7.61,-3.33
1,1546416627296,9.12,11.01,-4.55
1,1546416627297,8.8,13.43,-5.39
1,1546416627297,6.81,12.94,-5.83
1,1546416627318,5.97,11.4,-5.95
1,1546416627319,5.5,10.09,-6.19
1,1546416627319,5.23,9.25,-6.67
1,1546416627319,5.17,9.86,-8.53
1,1546416627320,4.9,9.98,-8.76
1,1546416627373,4.37,9.02,-8.24
1,1546416627384,4.04,7.75,-7.44
1,1546416627385,4.74,6.34,-5.68
1,1546416627385,5.05,6.46,-4.94
1,1546416627385,5.13,6.67,-4.19
1,1546416627385,5.29,6.77,-3.8
1,1546416627385,6.03,7.55,-3.63
1,1546416627386,5.99,7.65,-3.39
1,1546416627448,5.6,7.4,-3.2
1,1546416627448,5.33,7.1,-3.39
1,1546416627448,5.54,6.5,-3.61
1,1546416627448,5.6,6.44,-3.51
1,1546416627471,5.62,6.93,-3.45
1,1546416627472,5.56,7.34,-3.37
1,1546416627474,5.62,6.17,-2.53
1,1546416627527,5.23,4.78,-1.52
1,1546416627528,5.17,4.41,-1.03
1,1546416627528,5.29,4.49,-0.46
1,1546416627529,5.33,4.6,0.0
1,1546416627529,5.29,2.89,0.99
1,1546416627529,5.13,2.4,1.19
1,1546416627531,5.42,2.3,0.66
1,1546416627531,5.54,4.21,1.23
1,1546416627598,4.55,-2.4,4.66
1,1546416627620,6.95,-5.13,10.85
1,1546416627620,14.17,2.46,18.37
1,1546416627621,7.51,7.36,22.16
1,1546416627621,10.5,0.83,14.92
1,1546416627621,7.01,10.97,8.67
1,1546416627621,1.28,10.68,5.01
1,1546416627671,1.09,7.44,2.61
1,1546416627672,1.95,8.51,-0.39
1,1546416627687,1.48,7.38,0.89
1,1546416627687,1.81,5.56,2.65
1,1546416627687,2.1,5.19,3.75
1,1546416627688,1.83,6.15,4.35
1,1546416627688,1.83,7.08,4.02
1,1546416627688,2.61,9.16,4.88
1,1546416627748,1.99,9.6,4.31
1,1546416627749,2.63,8.65,5.13
1,1546416627749,2.4,7.34,5.42
1,1546416627772,2.14,8.39,3.94
1,1546416627772,2.63,9.62,3.82
1,1546416627772,2.22,10.19,3.06
1,1546416627773,1.42,8.02,2.24
1,1546416627773,2.36,7.73,1.69
1,1546416627826,2.63,8.12,0.13
1,1546416627826,2.91,8.67,-0.39
1,1546416627827,4.06,8.39,-2.42
1,1546416627827,4.12,7.77,-2.59
1,1546416627827,4.12,7.73,-3.2
1,1546416627827,4.6,8.02,-3.94
1,1546416627828,5.09,8.47,-5.8
1,1546416627897,4.6,7.67,-8.35
1,1546416627898,3.65,6.23,-9.29
1,1546416627898,2.94,6.48,-9.74
1,1546416627899,2.73,8.14,-10.8
1,1546416627899,2.48,9.1,-10.58
1,1546416627899,2.81,10.7,-9.98
1,1546416627899,3.92,10.8,-9.08
1,1546416627899,4.14,7.96,-7.96
1,1546416627975,3.2,6.01,-5.56
1,1546416627976,2.83,7.5,-5.72
1,1546416627976,3.2,8.35,-5.82
1,1546416627977,3.49,8.26,-5.46
1,1546416627977,1.97,6.36,-4.51
1,1546416627977,1.66,5.5,-4.16
1,1546416627992,2.2,5.74,-4.08
1,1546416628048,2.63,5.5,-4.06
1,1546416628062,2.79,3.65,-4.41
1,1546416628064,2.59,4.02,-4.7
1,1546416628064,2.46,4.43,-4.94
1,1546416628065,2.44,6.25,-5.41
1,1546416628065,2.81,9.88,-6.25
1,1546416628066,2.48,13.43,-8.45
1,1546416628067,2.2,12.28,-6.05
1,1546416628120,2.44,11.56,-4.66
1,1546416628120,1.66,9.45,-4.27
1,1546416628146,0.25,5.78,-3.63
1,1546416628147,0.19,5.87,-4.02
1,1546416628148,0.19,5.42,-4.37
1,1546416628148,1.48,4.55,-3.76
1,1546416628149,4.14,9.8,-4.7
1,1546416628149,4.51,9.78,-5.62
1,1546416628205,3.61,11.15,-5.64
1,1546416628206,3.86,12.22,-5.7
1,1546416628208,5.23,8.84,-5.56
1,1546416628209,5.17,6.91,-5.83
1,1546416628213,5.09,4.55,-5.05
1,1546416628214,5.93,2.65,-2.98
1,1546416628215,7.12,5.76,-1.56
1,1546416628272,4.62,10.82,-2.73
1,1546416628273,3.33,8.1,-4.35
1,1546416628273,3.22,6.09,-7.34
1,1546416628274,3.1,5.35,-9.06
1,1546416628275,0.17,4.78,-14.08
1,1546416628275,-0.19,5.13,-14.37
1,1546416628275,0.07,6.11,-12.42
1,1546416628275,-0.19,5.97,-11.05
1,1546416628348,-0.87,5.09,-6.66
1,1546416628368,-1.15,4.06,-5.27
1,1546416628369,-0.56,2.48,-4.0
1,1546416628369,0.37,2.22,-3.55
1,1546416628369,2.26,4.14,-3.65
1,1546416628369,3.1,5.42,-3.51
1,1546416628370,4.06,7.46,-3.43
1,1546416628424,4.58,8.69,-3.49
1,1546416628444,4.7,8.16,-3.3
1,1546416628445,5.5,6.3,-3.3
1,1546416628445,5.72,6.25,-3.49
1,1546416628445,5.95,7.01,-4.06
1,1546416628445,6.13,7.98,-4.7
1,1546416628445,6.77,8.86,-5.46
1,1546416628446,7.3,9.88,-6.13
1,1546416628498,7.14,10.52,-7.28
1,1546416628499,6.01,9.51,-7.81
1,1546416628499,4.88,8.06,-6.87
1,1546416628500,4.25,8.28,-7.18
1,1546416628511,3.16,7.85,-7.28
1,1546416628511,2.34,7.3,-7.03
1,1546416628511,1.71,6.62,-6.38
1,1546416628511,1.3,6.6,-6.56
1,1546416628588,0.93,6.75,-6.93
1,1546416628590,0.6,6.15,-6.75
1,1546416628591,0.93,5.33,-6.87
1,1546416628592,1.13,5.15,-7.1
1,1546416628594,1.36,5.17,-7.5
1,1546416628594,1.66,5.21,-7.94
1,1546416628595,1.99,5.58,-8.24
1,1546416628671,2.87,6.25,-9.06
1,1546416628672,2.85,6.17,-9.82
1,1546416628672,3.33,6.56,-10.66
1,1546416628672,3.24,6.5,-10.33
1,1546416628672,2.2,6.21,-9.9
1,1546416628673,2.03,6.19,-9.37
1,1546416628673,2.03,5.93,-8.9
1,1546416628673,1.89,5.19,-8.08
1,1546416628737,2.14,4.39,-6.58
1,1546416628737,2.46,4.94,-6.81
1,1546416628737,2.36,5.74,-7.63
1,1546416628737,2.18,5.99,-8.0
1,1546416628738,0.74,3.57,-8.39
1,1546416628738,0.6,1.97,-8.76
1,1546416628738,1.09,1.52,-9.1
1,1546416628801,1.87,2.14,-8.78
1,1546416628803,2.12,2.65,-7.87
1,1546416628804,3.73,4.98,-7.85
1,1546416628805,3.94,6.48,-7.16
1,1546416628807,2.2,5.15,-7.5
1,1546416628808,1.42,4.41,-7.83
1,1546416628809,1.5,6.56,-8.04
1,1546416628810,1.3,6.19,-7.91
1,1546416628875,1.69,5.99,-8.35
1,1546416628877,1.85,6.48,-9.37
1,1546416628879,1.52,4.19,-7.51
1,1546416628880,-0.27,2.85,-8.1
1,1546416628881,-0.93,3.84,-10.09
1,1546416628882,-0.6,2.51,-10.7
1,1546416628883,-2.65,0.03,-13.61
1,1546416628884,-3.3,4.57,-15.95
1,1546416628990,-3.8,9.62,-17.34
1,1546416628991,-2.36,9.08,-13.8
1,1546416628992,-2.85,9.6,-12.2
1,1546416628992,-2.34,9.04,-8.51
1,1546416628992,-0.52,9.25,-6.26
1,1546416628992,-1.26,8.04,-5.82
1,1546416628993,-0.99,3.8,-2.71
1,1546416629026,0.0,-0.01,0.17
1,1546416629026,0.17,-0.72,1.3
1,1546416629027,-0.48,-0.54,2.05
1,1546416629027,-0.11,-1.34,2.5
1,1546416629027,0.48,-1.01,3.22
1,1546416629027,0.8,-1.44,3.28
1,1546416629027,0.78,-2.65,2.77
1,1546416629028,2.1,0.83,-0.52
1,1546416629097,5.39,26.89,2.81
1,1546416629116,1.25,-0.31,14.39
1,1546416629117,8.37,-1.83,21.07
1,1546416629117,11.67,8.32,17.03
1,1546416629118,8.12,13.18,11.93
1,1546416629118,5.39,10.6,8.53
1,1546416629119,4.82,8.3,7.67
1,1546416629175,3.14,3.53,5.41
1,1546416629177,3.14,3.53,5.41
1,1546416629202,2.61,1.77,4.12
1,1546416629204,3.55,0.33,5.27
1,1546416629204,4.29,1.11,5.17
1,1546416629205,4.33,3.47,4.68
1,1546416629206,5.19,3.06,5.99
1,1546416629207,4.39,5.25,6.25
1,1546416629250,3.63,4.12,5.89
1,1546416629250,4.33,1.34,5.93
1,1546416629251,6.26,1.67,6.32
1,1546416629251,6.09,2.73,4.55
1,1546416629266,6.21,7.48,-0.11
1,1546416629267,5.35,9.25,1.46
1,1546416629267,5.6,6.66,-0.23
1,1546416629321,5.27,3.26,0.37
1,1546416629322,6.01,1.81,0.19
1,1546416629322,6.93,2.4,0.33
1,1546416629322,7.65,3.24,0.74
1,1546416629403,8.37,4.12,1.62
1,1546416629404,8.69,4.14,1.87
1,1546416629422,8.94,4.88,1.73
1,1546416629424,8.96,5.91,1.3
1,1546416629425,8.57,7.16,0.83
1,1546416629426,8.39,7.48,0.58
1,1546416629427,8.26,7.75,0.0
1,1546416629428,8.14,7.91,-0.42
1,1546416629475,7.44,7.85,-0.68
1,1546416629475,7.16,7.38,-0.66
1,1546416629476,6.75,6.25,-0.46
1,1546416629476,6.28,5.11,-0.35
1,1546416629476,6.38,4.62,-0.5
1,1546416629477,6.58,4.49,-0.56
1,1546416629477,6.79,4.51,-0.6
1,1546416629477,7.03,4.49,-0.54
1,1546416629551,7.73,3.9,-0.31
1,1546416629570,8.75,3.2,-0.39
1,1546416629571,9.49,3.18,-0.64
1,1546416629571,11.07,4.14,-1.05
1,1546416629572,11.56,4.49,-1.09
1,1546416629572,11.91,4.35,-0.97
1,1546416629572,12.22,3.86,-0.82
1,1546416629573,13.14,3.22,-0.76
1,1546416629626,13.45,3.2,-1.01
1,1546416629627,13.63,3.3,-1.26
1,1546416629628,13.67,3.43,-1.5
1,1546416629628,13.49,3.8,-1.75
1,1546416629629,13.26,3.88,-1.87
1,1546416629629,12.98,3.78,-1.91
1,1546416629630,12.71,3.75,-1.87
1,1546416629630,12.4,4.08,-1.62
1,1546416629701,12.24,4.51,-1.4
1,1546416629703,12.05,4.86,-1.15
1,1546416629705,11.89,5.0,-0.87
1,1546416629706,11.69,4.82,-0.7
1,1546416629708,11.34,4.49,-0.6
1,1546416629709,11.19,4.55,-0.56
1,1546416629711,10.97,4.7,-0.52
1,1546416629712,10.74,4.76,-0.42
1,1546416629780,10.17,4.55,-0.23
1,1546416629782,9.94,4.37,-0.09
1,1546416629784,9.68,4.21,0.01
1,1546416629785,9.45,4.04,0.13
1,1546416629786,9.0,3.59,0.58
1,1546416629788,8.86,3.41,0.8
1,1546416629789,8.76,3.33,0.95
1,1546416629790,8.8,3.24,1.05
1,1546416629853,8.98,3.47,1.48
1,1546416629855,9.08,3.59,1.79
1,1546416629857,9.21,3.43,2.1
1,1546416629857,9.29,3.06,2.24
1,1546416629858,9.45,2.42,2.14
1,1546416629859,9.57,2.34,1.93
1,1546416629859,9.66,2.44,1.77
1,1546416629926,9.84,2.5,1.73
1,1546416629928,10.05,2.53,1.83
1,1546416629930,10.6,2.79,2.05
1,1546416629931,10.74,2.89,1.97
1,1546416629932,10.76,2.94,1.77
1,1546416629934,10.72,3.08,1.73
1,1546416629935,10.83,3.28,1.44
1,1546416629936,10.85,3.37,1.32
1,1546416629998,10.85,3.49,1.28
1,1546416629999,10.82,3.47,1.36
1,1546416629999,10.91,3.04,1.34
1,1546416630000,10.99,2.85,1.21
1,1546416630000,11.07,2.75,1.23
1,1546416630001,11.09,2.67,1.3
1,1546416630001,11.07,2.24,1.19
1,1546416630076,11.03,1.97,0.93
1,1546416630077,11.01,1.83,0.7
1,1546416630077,10.87,1.85,0.48
1,1546416630078,10.52,1.87,0.21
1,1546416630078,10.29,1.89,0.07
1,1546416630078,10.07,1.93,0.01
1,1546416630079,9.92,1.95,-0.03
1,1546416630079,9.76,1.99,-0.09
1,1546416630160,9.35,1.93,-0.25
1,1546416630162,9.17,1.85,-0.29
1,1546416630162,9.0,1.71,-0.31
1,1546416630163,8.9,1.6,-0.37
1,1546416630164,8.65,1.28,-0.62
1,1546416630164,8.51,1.17,-0.68
1,1546416630165,8.47,1.07,-0.78
1,1546416630165,8.45,0.93,-0.83
1,1546416630224,8.55,0.76,-1.07
1,1546416630225,8.76,0.97,-1.38
1,1546416630241,9.04,1.71,-2.01
1,1546416630242,9.31,2.87,-2.67
1,1546416630242,9.64,5.15,-3.71
1,1546416630243,9.53,5.8,-4.37
1,1546416630243,9.31,6.15,-5.15
1,1546416630302,9.17,6.26,-6.05
1,1546416630304,9.23,6.3,-7.08
1,1546416630306,9.49,7.26,-9.53
1,1546416630307,9.49,8.08,-10.41
1,1546416630309,9.19,8.41,-10.76
1,1546416630311,8.71,8.49,-10.82
1,1546416630312,7.69,8.06,-10.66
1,1546416630313,7.44,7.75,-10.72
1,1546416630373,7.32,7.87,-10.93
1,1546416630374,7.26,8.18,-11.15
1,1546416630375,6.97,7.75,-11.17
1,1546416630375,6.95,7.53,-10.99
1,1546416630376,6.99,7.5,-10.58
1,1546416630376,7.12,7.53,-10.13
1,1546416630378,7.14,7.48,-9.12
1,1546416630461,7.08,6.85,-8.55
1,1546416630462,6.85,6.15,-7.87
1,1546416630463,6.73,5.82,-7.4
1,1546416630463,6.81,5.48,-6.87
1,1546416630464,7.12,5.44,-6.38
1,1546416630464,7.26,5.56,-5.78
1,1546416630464,7.05,5.42,-5.37
1,1546416630465,7.08,5.05,-5.05
1,1546416630521,7.61,5.05,-4.51
1,1546416630522,8.08,5.01,-4.23
1,1546416630522,8.28,4.57,-3.88
1,1546416630523,8.2,4.14,-3.67
1,1546416630552,8.18,3.86,-2.92
1,1546416630554,8.0,3.61,-2.63
1,1546416630554,7.92,3.32,-2.44
1,1546416630555,8.02,3.3,-2.4
1,1546416630614,8.08,4.27,-2.53
1,1546416630615,8.18,3.75,-2.36
1,1546416630615,8.02,3.26,-3.02
1,1546416630616,9.29,6.44,-4.37
1,1546416630616,9.33,10.05,-3.84
1,1546416630616,9.7,8.69,1.28
1,1546416630617,9.62,2.96,7.81
1,1546416630673,8.69,-1.56,11.42
1,1546416630674,7.67,-3.51,12.53
1,1546416630695,6.03,-1.34,5.39
1,1546416630697,4.82,0.83,-1.19
1,1546416630698,4.35,2.42,-7.14
1,1546416630699,3.3,4.57,-12.36
1,1546416630700,1.03,11.91,-17.51
1,1546416630701,-0.13,11.75,-16.13
1,1546416630763,-0.6,8.43,-13.71
1,1546416630764,-0.8,5.83,-10.82
1,1546416630764,-0.82,1.73,-4.74
1,1546416630765,-0.15,2.67,-3.33
1,1546416630765,0.27,3.75,-3.12
1,1546416630765,0.44,5.64,-4.14
1,1546416630766,0.64,5.44,-6.13
1,1546416630822,1.25,7.44,-8.28
1,1546416630845,0.78,8.75,-8.28
1,1546416630845,0.37,7.1,-8.43
1,1546416630846,0.87,9.8,-10.33
1,1546416630846,0.8,8.98,-6.69
1,1546416630846,1.85,6.46,-5.07
1,1546416630846,3.86,7.57,-3.57
1,1546416630847,3.88,8.24,-2.12
1,1546416630899,3.65,5.54,-2.81
1,1546416630900,3.18,4.76,-4.23
1,1546416630911,2.92,5.39,-6.07
1,1546416630912,2.87,6.23,-7.69
1,1546416630912,2.63,7.12,-9.57
1,1546416630912,2.71,7.08,-8.92
1,1546416630912,2.79,6.42,-8.06
1,1546416630912,2.91,5.7,-6.89
1,1546416630973,3.32,3.47,-4.49
1,1546416630976,3.53,1.01,-3.78
1,1546416630978,4.29,1.67,-5.09
1,1546416630979,4.21,-0.27,-1.62
1,1546416630981,1.3,5.41,-10.93
1,1546416630983,-1.69,5.6,-14.33
1,1546416630985,-1.32,9.39,-16.48
1,1546416631064,-1.97,10.85,-15.01
1,1546416631064,-2.44,-0.44,-6.71
1,1546416631065,-0.37,-1.71,-5.91
1,1546416631065,0.78,1.13,-7.08
1,1546416631065,0.62,4.43,-9.0
1,1546416631065,0.25,6.4,-10.74
1,1546416631065,1.56,9.88,-12.5
1,1546416631066,2.01,10.72,-12.12
1,1546416631122,2.1,9.76,-10.91
1,1546416631122,2.36,8.71,-10.03
1,1546416631123,2.73,8.1,-8.06
1,1546416631123,2.65,6.93,-6.83
1,1546416631123,2.75,5.78,-5.91
1,1546416631123,3.02,5.07,-5.15
1,1546416631129,3.1,3.18,-4.47
1,1546416631197,2.77,1.5,-4.58
1,1546416631215,2.26,0.56,-5.35
1,1546416631215,1.58,0.54,-6.34
1,1546416631215,0.7,1.07,-8.04
1,1546416631216,0.56,1.62,-8.33
1,1546416631216,0.62,2.83,-8.53
1,1546416631216,0.5,4.04,-8.88
1,1546416631216,0.42,5.15,-8.84
1,1546416631272,0.41,5.46,-7.44
1,1546416631274,0.6,4.43,-6.75
1,1546416631275,0.31,2.26,-6.83
1,1546416631276,0.52,0.21,-6.52
1,1546416631277,1.03,4.04,-8.86
1,1546416631279,1.05,4.84,-10.48
1,1546416631280,1.34,4.33,-11.3
1,1546416631281,2.36,3.06,-10.0
1,1546416631365,3.39,14.62,-10.33
1,1546416631365,3.16,15.7,-10.42
1,1546416631366,2.92,13.84,-10.13
1,1546416631366,2.94,11.42,-9.08
1,1546416631366,2.07,6.99,-7.51
1,1546416631367,1.77,5.52,-7.26
1,1546416631367,1.83,4.82,-7.38
1,1546416631423,1.79,4.45,-7.71
1,1546416631423,1.75,3.86,-8.16
1,1546416631424,2.01,4.33,-8.59
1,1546416631424,1.87,3.65,-8.51
1,1546416631433,2.05,2.4,-7.5
1,1546416631434,2.73,4.58,-6.66
1,1546416631434,2.08,5.85,-6.97
1,1546416631434,1.71,4.96,-7.67
1,1546416631499,1.38,4.62,-8.12
1,1546416631516,1.4,4.84,-7.59
1,1546416631516,1.79,6.5,-5.76
1,1546416631516,2.65,9.04,-5.8
1,1546416631517,2.79,10.89,-5.93
1,1546416631517,2.51,10.95,-6.32
1,1546416631517,2.46,8.63,-6.97
1,1546416631574,2.14,7.77,-6.67
1,1546416631574,2.03,7.91,-6.66
1,1546416631583,2.05,8.53,-6.71
1,1546416631584,1.85,6.75,-6.4
1,1546416631584,2.46,6.48,-6.36
1,1546416631584,2.81,6.52,-6.19
1,1546416631584,3.18,7.01,-5.74
1,1546416631585,3.49,7.92,-5.54
1,1546416631648,4.06,8.67,-5.05
1,1546416631648,4.21,8.12,-4.43
1,1546416631649,4.51,8.02,-4.0
1,1546416631649,4.88,9.0,-4.57
1,1546416631670,5.37,10.58,-5.19
1,1546416631671,4.74,10.0,-5.25
1,1546416631672,4.37,9.41,-5.87
1,1546416631673,3.94,8.57,-5.97
1,1546416631755,3.73,7.46,-6.15
1,1546416631756,4.31,8.14,-5.78
1,1546416631757,4.43,7.22,-4.84
1,1546416631758,4.39,6.07,-3.96
1,1546416631759,4.1,5.31,-3.71
1,1546416631761,3.69,5.89,-4.35
1,1546416631762,3.32,7.05,-5.46
1,1546416631801,2.42,7.28,-5.95
1,1546416631802,1.69,6.93,-5.68
1,1546416631802,1.25,6.93,-5.37
1,1546416631802,1.19,6.66,-4.68
1,1546416631802,0.7,5.78,-4.02
1,1546416631802,0.23,3.41,-3.53
1,1546416631803,-0.11,-0.48,-3.63
1,1546416631803,-0.09,-2.03,-3.96
1,1546416631874,0.23,-2.46,-4.66
1,1546416631874,0.27,-2.91,-4.86
1,1546416631875,1.48,3.69,-7.05
1,1546416631875,0.89,5.23,-7.69
1,1546416631876,0.97,3.39,-7.22
1,1546416631876,2.07,1.26,-6.62
1,1546416631876,3.51,2.71,-7.22
1,1546416631949,4.43,4.98,-7.61
1,1546416631950,5.15,6.44,-7.63
1,1546416631950,5.91,6.44,-6.85
1,1546416631951,7.26,13.69,-8.92
1,1546416631951,8.47,13.49,-9.92
1,1546416631951,9.41,10.25,-9.7
1,1546416631952,10.0,6.89,-8.73
1,1546416631952,9.9,5.05,-8.55
1,1546416632026,8.49,5.15,-7.91
1,1546416632027,8.24,6.28,-7.36
1,1546416632028,7.79,7.26,-6.6
1,1546416632028,8.0,7.73,-5.54
1,1546416632029,9.19,7.36,-4.06
1,1546416632030,9.35,7.38,-3.33
1,1546416632031,9.57,6.95,-2.36
1,1546416632033,10.01,5.13,-1.13
1,1546416632098,9.82,0.39,-0.39
1,1546416632098,8.51,-1.34,-0.68
1,1546416632098,7.75,-4.06,-0.07
1,1546416632099,7.79,-5.01,-0.09
1,1546416632129,9.29,-2.94,-0.97
1,1546416632130,10.17,-1.11,-1.89
1,1546416632131,10.93,0.39,-2.79
1,1546416632190,11.93,1.5,-3.59
1,1546416632191,12.83,3.51,-6.15
1,1546416632191,12.61,4.23,-7.98
1,1546416632192,12.71,4.49,-9.74
1,1546416632192,13.28,4.49,-11.34
1,1546416632192,13.84,4.39,-12.4
1,1546416632192,11.87,1.4,-10.85
1,1546416632193,11.48,0.44,-9.06
1,1546416632248,12.2,0.42,-6.81
1,1546416632248,13.28,0.39,-4.55
1,1546416632248,15.27,0.25,-0.44
1,1546416632248,15.74,0.66,0.72
1,1546416632249,15.6,2.08,0.83
1,1546416632259,14.98,3.86,-0.07
1,1546416632260,13.75,7.07,-3.06
1,1546416632320,12.83,7.69,-4.45
1,1546416632350,11.66,7.94,-5.56
1,1546416632351,11.03,8.57,-6.11
1,1546416632352,9.84,9.7,-6.13
1,1546416632352,9.58,9.7,-5.68
1,1546416632353,9.68,10.03,-4.82
1,1546416632354,9.86,10.29,-3.61
1,1546416632354,9.76,10.39,-2.5
1,1546416632414,9.39,9.84,-0.56
1,1546416632415,9.33,9.37,-0.13
1,1546416632415,8.82,8.94,-0.25
1,1546416632415,8.02,8.14,-0.35
1,1546416632416,7.89,6.52,-2.18
1,1546416632416,7.67,6.91,-1.32
1,1546416632417,6.3,4.33,0.85
1,1546416632474,6.13,2.3,2.4
1,1546416632492,8.71,6.85,1.4
1,1546416632492,7.83,4.41,0.95
1,1546416632492,8.8,2.71,0.93
1,1546416632492,9.64,2.94,-0.05
1,1546416632493,9.84,4.23,-1.89
1,1546416632493,9.29,2.63,-1.87
1,1546416632493,9.43,1.07,-1.6
1,1546416632548,9.78,0.52,-2.05
1,1546416632549,10.91,2.16,-4.02
1,1546416632558,10.85,2.92,-3.86
1,1546416632561,12.38,6.5,-8.67
1,1546416632561,13.39,17.83,-11.64
1,1546416632561,6.77,8.43,-8.22
1,1546416632561,9.84,6.91,-7.32
1,1546416632561,9.29,14.19,-10.58
1,1546416632624,5.15,3.41,-6.07
1,1546416632625,3.59,-6.99,-1.36
1,1546416632625,5.44,0.27,-0.41
1,1546416632626,5.03,0.8,0.17
1,1546416632626,5.15,0.21,0.8
1,1546416632646,5.87,0.76,0.31
1,1546416632647,7.3,2.55,-1.13
1,1546416632728,7.75,1.99,-1.91
1,1546416632728,8.14,2.22,-2.91
1,1546416632729,9.16,4.27,-3.39
1,1546416632729,9.58,4.04,-4.9
1,1546416632729,9.78,4.04,-5.31
1,1546416632729,9.98,4.98,-5.68
1,1546416632730,10.03,5.91,-6.38
1,1546416632730,9.72,6.48,-6.89
1,1546416632772,8.57,1.3,-6.03
1,1546416632772,9.1,1.85,-6.81
1,1546416632773,9.06,3.92,-6.91
1,1546416632848,8.53,4.37,-6.11
1,1546416632848,9.53,5.05,-5.56
1,1546416632862,9.74,3.65,-4.7
1,1546416632864,10.35,1.19,-2.38
1,1546416632865,11.07,1.25,-1.03
1,1546416632866,10.41,3.49,-2.16
1,1546416632867,10.11,1.75,-2.36
1,1546416632868,10.5,0.33,-2.73
1,1546416632923,10.97,0.11,-3.16
1,1546416632924,9.94,0.29,-3.61
1,1546416632924,10.07,-3.63,-1.5
1,1546416632924,11.21,-2.5,-0.54
1,1546416632925,11.38,-1.38,-0.11
1,1546416632925,12.12,0.44,0.46
1,1546416632925,13.12,2.48,0.87
1,1546416632947,13.86,3.65,1.28
1,1546416633010,13.98,2.71,0.44
1,1546416633011,14.14,2.26,-0.27
1,1546416633013,13.92,1.17,-0.99
1,1546416633014,13.57,0.33,-1.73
1,1546416633015,12.69,-1.77,-1.75
1,1546416633015,12.4,-1.25,-1.6
1,1546416633016,12.07,1.34,0.17
1,1546416633016,12.03,2.92,1.38
1,1546416633075,12.87,4.45,4.47
1,1546416633077,13.51,5.21,4.96
1,1546416633078,12.73,6.09,4.68
1,1546416633079,12.55,6.73,4.66
1,1546416633080,12.75,9.21,4.14
1,1546416633081,12.75,9.7,2.85
1,1546416633082,13.04,10.37,2.05
1,1546416633083,13.3,10.68,0.19
1,1546416633154,12.36,12.34,-0.33
1,1546416633156,12.18,14.19,-0.8
1,1546416633157,11.97,13.14,-1.25
1,1546416633158,10.8,10.72,-0.27
1,1546416633159,9.31,6.81,0.07
1,1546416633225,7.98,-0.21,-0.82
1,1546416633225,5.37,-3.06,0.76
1,1546416633226,3.37,-6.95,2.3
1,1546416633227,1.34,-11.23,2.98
1,1546416633227,1.79,-10.8,4.58
1,1546416633227,2.87,-5.15,3.04
1,1546416633228,2.51,1.26,1.73
1,1546416633228,1.42,4.78,0.72
1,1546416633302,-1.42,4.64,1.99
1,1546416633303,-0.56,2.71,3.86
1,1546416633304,0.31,4.62,3.53
1,1546416633305,2.94,7.61,4.0
1,1546416633307,4.47,6.75,5.19
1,1546416633307,4.88,6.87,5.91
1,1546416633308,5.01,7.3,6.34
1,1546416633309,6.62,8.22,7.38
1,1546416633375,7.38,9.31,7.5
1,1546416633376,7.59,9.57,8.47
1,1546416633377,7.79,9.45,9.17
1,1546416633377,8.33,11.52,5.91
1,1546416633378,7.71,11.19,4.23
1,1546416633378,6.6,10.8,2.48
1,1546416633379,6.13,10.83,1.46
1,1546416633380,5.89,8.82,-0.87
1,1546416633453,7.83,5.03,-1.01
1,1546416633454,9.47,2.3,-1.48
1,1546416633455,8.71,3.51,-2.48
1,1546416633455,9.76,4.43,-3.86
1,1546416633456,8.73,-0.89,-3.82
1,1546416633457,1.09,2.28,-3.14
1,1546416633457,8.55,0.68,-6.67
1,1546416633458,7.42,-1.73,-7.59
1,1546416633525,4.19,0.83,-13.51
1,1546416633526,4.74,2.91,-16.64
1,1546416633528,1.95,6.3,-19.02
1,1546416633528,1.23,8.57,-20.76
1,1546416633529,0.76,12.65,-18.94
1,1546416633549,0.8,9.78,-15.31
1,1546416633549,1.81,9.16,-11.52
1,1546416633598,4.74,9.57,-8.32
1,1546416633599,8.8,4.12,-6.69
1,1546416633599,10.48,0.35,-6.89
1,1546416633600,12.34,-2.3,-6.75
1,1546416633600,13.98,-2.96,-6.05
1,1546416633600,15.29,-0.42,-5.35
1,1546416633616,15.54,1.81,-5.41
1,1546416633616,14.96,2.65,-5.09
1,1546416633770,14.76,2.75,-4.66
1,1546416633772,15.39,3.0,-4.64
1,1546416633774,15.83,6.93,-5.11
1,1546416633775,15.93,8.92,-5.42
1,1546416633777,15.44,10.39,-4.64
1,1546416633828,15.6,10.66,-3.32
1,1546416633829,19.23,9.64,5.37
1,1546416633852,23.0,11.71,11.6
1,1546416633852,19.14,4.86,17.83
1,1546416633853,5.68,7.1,-1.85
1,1546416633853,6.91,11.15,-4.02
1,1546416633854,6.79,9.21,-5.6
1,1546416633854,5.56,2.12,-4.12
1,1546416633898,5.58,0.35,-1.4
1,1546416633918,9.86,6.48,-4.04
1,1546416633919,9.37,7.32,-7.01
1,1546416633919,8.94,7.55,-8.73
1,1546416633919,9.0,7.71,-10.35
1,1546416633920,7.69,6.38,-11.99
1,1546416633920,7.65,5.0,-11.93
1,1546416633920,7.18,4.04,-12.1
1,1546416633977,8.63,3.73,-11.97
1,1546416633977,12.3,7.63,-10.91
1,1546416633978,13.24,8.33,-10.52
1,1546416633978,13.06,8.78,-9.98
1,1546416633979,14.94,9.06,-9.25
1,1546416633979,11.38,7.38,-8.47
1,1546416633980,11.5,4.47,-7.91
1,1546416633980,9.35,5.19,-8.06
1,1546416634051,6.4,4.68,-6.83
1,1546416634071,3.63,1.17,-5.66
1,1546416634072,-0.7,-3.41,-2.77
1,1546416634072,-2.22,-3.49,-2.59
1,1546416634073,-3.32,-1.99,-3.08
1,1546416634073,-2.75,1.42,-3.14
1,1546416634074,-2.67,6.05,-1.93
1,1546416634074,-2.79,2.89,-0.68
1,1546416634125,-1.09,0.37,-0.6
1,1546416634126,1.17,1.13,-1.42
1,1546416634128,2.81,3.26,-2.28
1,1546416634129,4.72,4.8,-2.38
1,1546416634130,5.48,5.11,-2.38
1,1546416634131,6.32,5.07,-2.38
1,1546416634132,6.66,4.31,-2.5
1,1546416634199,7.5,2.2,-2.12
1,1546416634200,10.01,-0.33,-1.52
1,1546416634201,10.83,-1.81,-1.15
1,1546416634201,11.44,-2.96,-0.95
1,1546416634221,14.0,-0.39,-3.59
1,1546416634222,15.31,2.48,-4.78
1,1546416634222,15.62,5.7,-6.3
1,1546416634222,15.29,7.28,-6.48
1,1546416634276,13.51,4.74,-5.83
1,1546416634277,12.92,1.64,-5.58
1,1546416634278,12.89,-0.58,-5.27
1,1546416634279,12.61,-2.79,-5.44
1,1546416634280,12.69,-4.33,-5.41
1,1546416634280,12.5,-5.25,-4.76
1,1546416634281,12.96,-5.76,-5.23
1,1546416634349,13.49,-4.86,-5.27
1,1546416634374,13.92,-4.25,-5.01
1,1546416634374,15.37,0.19,-5.87
1,1546416634375,15.58,1.97,-7.05
1,1546416634375,15.23,2.32,-8.78
1,1546416634375,15.19,1.93,-10.46
1,1546416634376,15.25,2.18,-11.62
1,1546416634376,15.21,2.36,-11.75
1,1546416634425,15.31,2.63,-11.66
1,1546416634426,14.8,2.96,-11.48
1,1546416634427,12.75,3.84,-10.48
1,1546416634428,11.66,4.02,-10.05
1,1546416634429,10.72,3.82,-9.8
1,1546416634430,9.9,3.94,-9.84
1,1546416634431,9.19,3.96,-9.74
1,1546416634433,7.36,5.09,-10.27
1,1546416634497,6.73,6.42,-10.39
1,1546416634506,6.28,7.22,-9.98
1,1546416634507,4.96,6.34,-9.25
1,1546416634507,3.57,3.53,-4.25
1,1546416634508,4.98,6.07,-2.96
1,1546416634508,4.49,10.03,-2.16
1,1546416634508,2.63,11.25,-0.74
1,1546416634577,1.64,8.32,0.89
1,1546416634578,0.62,5.56,0.42
1,1546416634579,0.41,3.3,-0.39
1,1546416634598,1.36,3.28,-0.68
1,1546416634598,3.49,4.19,0.03
1,1546416634599,4.74,3.82,1.62
1,1546416634599,7.12,3.28,3.02
1,1546416634599,9.98,3.96,5.05
1,1546416634648,11.64,4.1,5.11
1,1546416634648,12.05,3.63,3.28
1,1546416634649,11.54,2.55,1.75
1,1546416634649,11.69,1.05,0.31
1,1546416634649,12.53,1.6,-1.25
1,1546416634650,13.39,-3.47,-2.87
1,1546416634650,13.47,-4.78,-3.71
1,1546416634726,13.2,-4.37,-4.57
1,1546416634727,12.81,-4.31,-4.41
1,1546416634728,12.57,-2.81,-3.88
1,1546416634729,12.16,-1.25,-3.47
1,1546416634730,11.77,-0.74,-1.93
1,1546416634730,10.91,-1.38,-0.39
1,1546416634731,10.25,0.7,-0.01
1,1546416634732,10.15,0.64,0.44
1,1546416634799,9.37,0.42,0.39
1,1546416634800,9.08,0.33,-0.54
1,1546416634800,8.06,1.09,-2.98
1,1546416634801,8.14,1.21,-3.41
1,1546416634801,8.71,1.25,-4.06
1,1546416634801,8.35,1.07,-5.09
1,1546416634802,8.47,0.39,-5.09
1,1546416634802,9.49,-1.99,-5.19
1,1546416634875,10.05,-1.93,-5.07
1,1546416634876,10.23,-1.48,-4.68
1,1546416634894,10.27,-2.65,-3.88
1,1546416634895,13.18,0.05,-2.4
1,1546416634895,13.24,0.93,-2.44
1,1546416634895,13.59,0.89,-1.93
1,1546416634896,14.25,0.5,-1.25
1,1546416634948,15.44,1.05,-1.5
1,1546416634949,16.11,1.75,-0.95
1,1546416634951,17.01,2.24,-0.15
1,1546416634952,16.81,2.44,-0.66
1,1546416634953,17.53,1.4,-1.38
1,1546416634954,17.1,0.83,-2.32
1,1546416634955,16.36,0.29,-3.43
1,1546416634956,15.41,-0.76,-4.64
1,1546416635036,13.69,-1.56,-4.43
1,1546416635037,11.54,-2.07,-4.37
1,1546416635037,9.66,-2.96,-4.62
1,1546416635037,8.06,-3.22,-3.94
1,1546416635038,6.42,-2.42,-3.86
1,1546416635038,2.14,0.0,-1.83
1,1546416635038,0.35,1.77,-1.58
1,1546416635096,-0.72,3.28,-0.78
1,1546416635118,-1.91,4.84,0.15
1,1546416635119,-3.3,5.05,1.13
1,1546416635119,-3.1,4.33,1.36
1,1546416635119,-1.97,2.71,0.17
1,1546416635120,-0.25,0.52,-0.72
1,1546416635120,4.6,2.53,-0.37
1,1546416635120,6.52,4.49,0.68
1,1546416635169,8.1,4.86,2.24
1,1546416635170,9.04,4.6,3.45
1,1546416635170,8.94,3.12,3.53
1,1546416635176,8.82,2.28,2.73
1,1546416635177,8.98,2.18,2.34
1,1546416635177,9.33,3.08,1.32
1,1546416635177,9.19,4.62,-0.35
1,1546416635177,10.6,9.25,-3.14
1,1546416635245,11.3,10.66,-4.35
1,1546416635265,12.2,11.34,-5.54
1,1546416635266,12.65,11.03,-4.51
1,1546416635267,13.04,7.1,-4.45
1,1546416635267,13.84,8.12,-5.64
1,1546416635267,12.73,6.75,-5.25
1,1546416635268,12.07,5.03,-4.39
1,1546416635343,14.02,6.58,-5.58
1,1546416635344,14.21,6.89,-6.07
1,1546416635344,13.86,7.07,-6.54
1,1546416635344,13.16,7.05,-6.79
1,1546416635344,12.83,5.76,-5.99
1,1546416635345,14.19,5.27,-5.07
1,1546416635345,14.9,5.37,-4.25
1,1546416635345,14.45,5.58,-3.76
1,1546416635398,13.82,6.42,-3.63
1,1546416635413,12.05,6.03,-3.9
1,1546416635414,11.73,4.49,-4.27
1,1546416635414,11.75,2.59,-4.21
1,1546416635415,12.14,0.89,-4.19
1,1546416635415,12.59,-0.33,-4.25
1,1546416635416,12.46,-0.33,-4.02
1,1546416635474,12.53,-0.01,-3.59
1,1546416635477,12.61,0.78,-2.96
1,1546416635478,13.35,3.39,-1.91
1,1546416635479,13.06,3.65,-1.28
1,1546416635480,12.26,2.61,-0.78
1,1546416635482,11.42,0.78,-0.31
1,1546416635483,10.01,-1.6,-0.39
1,1546416635484,9.51,-1.91,-0.7
1,1546416635550,8.92,-2.07,-0.76
1,1546416635566,8.61,-1.71,-0.52
1,1546416635566,7.61,0.37,-0.48
1,1546416635567,7.07,0.68,-0.44
1,1546416635567,6.83,0.87,-0.5
1,1546416635567,6.67,0.91,-0.46
1,1546416635567,6.99,0.44,-0.48
1,1546416635567,7.1,-0.5,-0.17
1,1546416635698,7.22,1.07,-0.25
1,1546416635698,7.59,4.51,0.27
1,1546416635699,7.91,9.96,1.17
1,1546416635699,6.58,16.07,2.26
1,1546416635699,5.8,15.25,1.69
1,1546416635771,6.15,12.1,0.33
1,1546416635773,6.75,8.98,-0.99
1,1546416635773,7.18,7.53,-4.27
1,1546416635774,6.81,4.41,-4.45
1,1546416635774,6.56,2.85,1.19
1,1546416635774,5.85,0.74,2.83
1,1546416635775,4.82,0.19,3.16
1,1546416635775,5.07,0.82,2.4
1,1546416635845,5.6,3.35,0.82
1,1546416635845,7.53,9.33,-0.27
1,1546416635845,7.32,7.61,0.39
1,1546416635845,7.44,5.89,-0.93
1,1546416635852,8.49,6.15,-1.75
1,1546416635852,8.96,5.99,-2.05
1,1546416635853,8.71,5.64,-1.36
1,1546416635853,7.61,5.41,0.97
1,1546416635934,5.64,7.07,4.21
1,1546416635935,6.26,5.42,5.33
1,1546416635935,5.91,2.75,4.8
1,1546416635935,4.74,0.33,3.35
1,1546416635935,1.99,-4.14,5.15
1,1546416635935,1.99,-3.78,5.01
1,1546416635935,2.53,-4.19,6.01
1,1546416635936,1.79,-7.61,6.52
1,1546416636093,4.14,-1.34,2.61
1,1546416636094,5.93,0.7,1.09
1,1546416636094,6.66,-0.56,-1.93
1,1546416636095,7.26,-3.2,-3.1
1,1546416636095,9.25,-4.8,-2.46
1,1546416636158,11.71,-2.48,-3.88
1,1546416636158,14.29,0.8,-5.11
1,1546416636158,16.34,2.79,-5.7
1,1546416636159,18.18,3.22,-5.07
1,1546416636159,21.48,1.56,-5.03
1,1546416636159,15.39,4.41,-4.66
1,1546416636159,14.92,4.9,-3.51
1,1546416636159,13.73,3.35,-0.64
1,1546416636246,12.48,0.8,0.44
1,1546416636246,6.81,6.09,-0.72
1,1546416636247,5.8,7.16,-0.25
1,1546416636247,3.67,6.15,-0.11
1,1546416636247,4.14,6.5,1.01
1,1546416636247,2.32,7.34,0.68
1,1546416636247,1.93,6.87,-0.29
1,1546416636247,3.51,6.52,-1.09
1,1546416636311,3.75,2.81,0.01
1,1546416636311,4.1,0.68,1.67
1,1546416636311,4.04,-0.25,3.06
1,1546416636311,4.04,0.42,3.39
1,1546416636312,7.14,5.05,1.81
1,1546416636312,8.75,7.92,1.75
1,1546416636312,9.72,10.93,1.5
1,1546416636312,11.05,14.68,-0.33
1,1546416636400,14.86,18.75,-4.43
1,1546416636400,16.6,18.32,-6.93
1,1546416636400,17.73,16.52,-8.51
1,1546416636400,18.22,14.41,-9.31
1,1546416636400,18.41,12.91,-9.98
1,1546416636401,18.45,12.77,-10.39
1,1546416636401,18.08,12.85,-10.54
1,1546416636401,16.93,11.77,-10.99
1,1546416636468,17.2,10.01,-12.03
1,1546416636469,16.56,4.92,-13.53
1,1546416636469,17.14,4.37,-6.46
1,1546416636469,14.78,0.64,-0.19
1,1546416636470,12.3,1.54,0.41
1,1546416636470,16.17,1.23,-0.11
1,1546416636471,18.14,1.38,-0.76
1,1546416636471,19.16,2.24,-0.74
1,1546416636525,17.94,2.89,-0.74
1,1546416636526,15.78,2.42,-1.42
1,1546416636526,16.23,3.41,-3.63
1,1546416636526,16.75,5.72,-5.74
1,1546416636526,17.05,8.49,-7.55
1,1546416636526,17.03,12.36,-9.55
1,1546416636527,17.5,12.34,-9.41
1,1546416636595,18.06,11.48,-8.61
1,1546416636610,17.73,11.4,-7.71
1,1546416636610,16.54,11.73,-6.85
1,1546416636610,14.1,10.46,-5.6
1,1546416636611,13.14,8.84,-5.23
1,1546416636611,12.48,7.4,-5.46
1,1546416636611,12.2,6.71,-5.85
1,1546416636611,10.68,5.25,-5.41
1,1546416636678,9.82,3.86,-4.96
1,1546416636678,9.31,2.94,-4.47
1,1546416636678,8.63,2.14,-4.19
1,1546416636679,7.05,0.54,-3.06
1,1546416636679,6.3,0.56,-1.67
1,1546416636679,5.03,1.19,-0.58
1,1546416636679,4.16,2.18,0.17
1,1546416636679,3.76,2.98,1.48
1,1546416636745,3.37,2.63,1.46
1,1546416636763,3.9,3.73,1.15
1,1546416636763,0.93,0.91,2.18
1,1546416636763,2.14,-3.14,5.33
1,1546416636763,2.87,4.17,0.74
1,1546416636764,3.49,6.89,-0.78
1,1546416636764,3.35,8.69,0.11
1,1546416636823,5.31,7.1,4.14
1,1546416636823,3.59,2.03,17.05
1,1546416636823,5.05,2.91,16.32
1,1546416636824,3.57,8.47,12.32
1,1546416636824,0.99,11.05,9.53
1,1546416636824,0.05,4.58,8.39
1,1546416636824,-0.21,4.7,7.08
1,1546416636824,-0.42,7.38,6.28
1,1546416636905,-0.01,8.41,6.93
1,1546416636906,0.27,8.76,9.23
1,1546416636906,0.19,9.78,9.88
1,1546416636906,-0.25,10.05,10.31
1,1546416636906,-0.87,9.29,9.92
1,1546416636906,-1.19,8.96,9.08
1,1546416636907,-1.5,7.73,7.12
1,1546416636978,-1.69,7.44,6.07
1,1546416636978,-2.07,7.75,4.8
1,1546416636979,-2.51,8.14,3.45
1,1546416636979,-2.87,5.29,2.89
1,1546416636979,-2.85,3.71,2.98
1,1546416636979,-2.32,3.96,2.24
1,1546416636979,-2.59,4.29,1.66
1,1546416636980,-5.15,0.8,0.19
1,1546416637056,-3.57,0.64,-0.25
1,1546416637056,-1.81,6.6,-0.31
1,1546416637057,-3.53,12.73,-1.56
1,1546416637057,-5.29,10.27,-1.34
1,1546416637057,-4.8,7.73,-0.39
1,1546416637057,-5.09,4.41,-0.76
1,1546416637057,-5.83,4.68,-0.83
1,1546416637057,-5.95,6.15,-3.26
1,1546416637131,-6.81,5.8,-4.9
1,1546416637131,-6.73,3.51,-5.21
1,1546416637132,-6.5,2.59,-4.64
1,1546416637132,-8.45,0.37,-2.48
1,1546416637132,-7.34,4.82,0.83
1,1546416637132,-7.73,9.35,-0.23
1,1546416637132,-7.59,9.9,0.78
1,1546416637196,-6.23,10.54,2.73
1,1546416637212,-4.72,12.81,6.4
1,1546416637212,-4.78,13.08,7.34
1,1546416637212,-4.41,12.34,7.71
1,1546416637213,-4.04,10.87,7.22
1,1546416637213,-5.44,8.33,5.58
1,1546416637213,-5.83,7.34,5.29
1,1546416637213,-5.87,7.12,5.25
1,1546416637270,-5.91,6.87,5.74
1,1546416637271,-5.82,6.56,6.11
1,1546416637275,-5.87,6.19,4.96
1,1546416637276,-5.85,5.64,4.06
1,1546416637276,-5.87,5.46,2.92
1,1546416637276,-6.05,5.85,2.26
1,1546416637276,-6.28,6.38,0.89
1,1546416637347,-6.05,6.89,0.42
1,1546416637348,-5.99,7.57,0.42
1,1546416637349,-5.83,7.63,0.72
1,1546416637349,-5.82,6.56,1.42
1,1546416637349,-5.76,6.99,1.52
1,1546416637350,-5.66,7.26,1.34
1,1546416637350,-5.62,6.66,1.09
1,1546416637350,-5.83,4.78,0.35
1,1546416637421,-5.82,4.62,0.68
1,1546416637422,-5.58,5.21,0.99
1,1546416637423,-5.52,5.99,0.68
1,1546416637424,-5.58,5.8,0.33
1,1546416637424,-5.37,6.05,0.62
1,1546416637424,-5.19,6.58,1.03
1,1546416637425,-4.98,6.95,1.25
1,1546416637498,-5.21,7.12,1.28
1,1546416637498,-6.21,6.01,0.44
1,1546416637499,-6.44,5.7,0.58
1,1546416637499,-6.64,6.85,0.48
1,1546416637499,-6.77,8.24,1.13
1,1546416637499,-6.87,9.64,2.12
1,1546416637500,-6.5,9.62,2.42
1,1546416637500,-5.72,9.86,2.83
1,1546416637572,-5.07,10.58,3.3
1,1546416637579,-3.76,11.34,5.17
1,1546416637579,-3.73,10.42,6.07
1,1546416637580,-2.96,9.86,6.6
1,1546416637580,-2.89,9.16,6.91
1,1546416637580,-2.59,7.65,7.89
1,1546416637580,-2.87,7.2,8.2
1,1546416637581,-2.85,7.22,7.87
1,1546416637648,-2.85,6.97,7.89
1,1546416637649,-2.73,6.89,8.02
1,1546416637649,-2.77,7.5,7.22
1,1546416637649,-2.79,7.46,6.5
1,1546416637649,-2.34,8.35,5.89
1,1546416637650,-2.55,8.37,5.54
1,1546416637650,-2.4,6.5,4.57
1,1546416637720,-2.46,5.72,4.58
1,1546416637721,-2.63,5.35,3.98
1,1546416637721,-2.28,5.8,3.63
1,1546416637721,-2.22,6.03,3.16
1,1546416637722,-1.93,6.56,3.61
1,1546416637723,-2.12,6.95,4.31
1,1546416637723,-2.16,6.77,4.66
1,1546416637724,-1.48,7.1,5.82
1,1546416637797,-1.46,7.16,5.83
1,1546416637798,-1.28,7.69,5.39
1,1546416637798,-1.19,8.02,5.41
1,1546416637799,-1.28,7.77,5.68
1,1546416637799,-1.07,5.29,5.95
1,1546416637799,-1.44,4.51,5.52
1,1546416637800,-2.05,4.25,4.76
1,1546416637800,-2.08,5.25,3.47
1,1546416637872,-2.32,7.36,2.34
1,1546416637873,-2.38,6.66,2.55
1,1546416637873,-2.12,5.76,3.16
1,1546416637873,-1.99,5.48,3.71
1,1546416637874,-2.16,6.32,4.55
1,1546416637874,-2.26,7.1,5.35
1,1546416637874,-2.55,7.81,6.54
1,1546416637946,-2.73,9.0,6.62
1,1546416637947,-4.25,9.06,5.91
1,1546416637948,-4.68,8.2,5.44
1,1546416637948,-4.82,8.14,4.47
1,1546416637948,-5.23,8.76,3.26
1,1546416637949,-5.42,9.35,2.73
1,1546416637949,-5.68,10.87,2.51
1,1546416637949,-5.7,10.46,2.59
1,1546416638022,-5.93,9.78,2.38
1,1546416638023,-6.07,9.55,1.87
1,1546416638023,-6.58,9.04,-0.7
1,1546416638037,-6.42,8.59,-1.09
1,1546416638037,-5.82,8.57,-1.3
1,1546416638037,-5.29,8.53,-0.85
1,1546416638038,-4.49,7.83,0.58
1,1546416638097,-4.06,8.06,0.17
1,1546416638098,-2.44,6.83,0.66
1,1546416638099,0.15,8.14,6.38
1,1546416638100,-4.6,15.41,2.44
1,1546416638100,-2.4,13.98,2.85
1,1546416638102,-3.63,11.77,2.44
1,1546416638102,-3.22,10.42,1.19
1,1546416638104,-3.1,10.64,-0.01
1,1546416638177,-2.87,10.66,-0.07
1,1546416638177,-2.5,10.62,0.17
1,1546416638178,-2.22,10.91,0.82
1,1546416638178,-1.93,11.48,1.73
1,1546416638179,-1.58,10.91,2.57
1,1546416638179,-1.52,10.76,2.4
1,1546416638180,-1.62,10.07,2.2
1,1546416638180,-1.71,8.92,1.91
1,1546416638253,-1.62,7.81,1.62
1,1546416638255,-1.73,7.46,1.89
1,1546416638258,-1.36,7.46,2.28
1,1546416638260,-1.3,7.61,2.5
1,1546416638261,-1.48,8.41,3.28
1,1546416638262,-1.54,9.19,3.49
1,1546416638263,-1.66,9.72,3.76
1,1546416638338,-1.83,10.07,4.04
1,1546416638339,-2.12,10.23,4.21
1,1546416638339,-1.79,9.86,4.33
1,1546416638340,-1.83,10.05,4.57
1,1546416638340,-1.64,10.35,4.72
1,1546416638341,-1.38,10.21,4.94
1,1546416638341,-1.73,8.92,5.29
1,1546416638342,-1.34,8.67,5.37
1,1546416638399,-1.6,8.35,5.39
1,1546416638400,-1.81,8.14,5.37
1,1546416638400,-2.18,8.04,4.82
1,1546416638400,-2.59,8.47,4.51
1,1546416638401,-3.37,9.04,4.25
1,1546416638401,-3.47,9.17,4.35
1,1546416638402,-4.16,9.94,4.62
1,1546416638475,-4.57,10.01,4.8
1,1546416638488,-4.53,9.92,5.07
1,1546416638489,-4.84,9.98,5.39
1,1546416638489,-2.87,11.07,4.7
1,1546416638489,-3.59,9.64,5.05
1,1546416638490,-3.35,9.94,4.68
1,1546416638490,-3.61,11.03,3.75
1,1546416638490,-4.33,10.64,3.24
1,1546416638548,-4.35,8.73,2.96
1,1546416638550,-4.51,8.02,2.92
1,1546416638551,-4.45,7.51,2.91
1,1546416638552,-4.55,7.08,2.92
1,1546416638553,-4.43,6.89,2.69
1,1546416638555,-4.64,6.52,2.85
1,1546416638557,-4.47,6.64,2.67
1,1546416638558,-4.66,6.67,2.38
1,1546416638638,-5.44,6.38,1.58
1,1546416638639,-5.8,6.15,1.46
1,1546416638640,-5.87,6.03,1.54
1,1546416638640,-5.87,6.23,1.85
1,1546416638640,-5.97,7.16,2.28
1,1546416638640,-5.64,7.44,2.65
1,1546416638641,-4.96,7.73,3.12
1,1546416638696,-4.74,8.24,2.81
1,1546416638705,-4.47,8.55,1.89
1,1546416638705,-4.45,7.65,1.38
1,1546416638706,-4.27,6.5,1.23
1,1546416638706,-4.16,5.7,1.36
1,1546416638706,-4.23,5.21,1.75
1,1546416638706,-4.55,4.88,2.28
1,1546416638707,-4.57,4.72,2.51
1,1546416638772,-4.39,4.58,3.43
1,1546416638773,-4.57,4.45,4.33
1,1546416638773,-4.57,4.45,4.6
1,1546416638773,-4.66,4.72,4.62
1,1546416638774,-4.55,4.78,4.53
1,1546416638774,-4.45,5.19,4.55
1,1546416638775,-4.72,5.54,4.74
1,1546416638850,-4.84,5.56,4.74
1,1546416638852,-4.98,5.68,4.8
1,1546416638854,-5.03,6.05,4.96
1,1546416638855,-5.21,6.75,5.07
1,1546416638856,-5.52,7.01,5.09
1,1546416638859,-5.54,6.99,5.07
1,1546416638861,-5.66,6.99,5.03
1,1546416638862,-5.68,6.99,4.92
1,1546416638941,-6.05,6.89,4.6
1,1546416638942,-6.15,6.69,4.64
1,1546416638942,-6.23,6.44,4.88
1,1546416638943,-6.21,6.42,5.03
1,1546416638943,-6.25,6.66,5.8
1,1546416638944,-6.15,6.6,6.09
1,1546416638944,-5.95,6.73,6.34
1,1546416638945,-6.07,6.89,6.64
1,1546416639001,-6.19,6.75,6.81
1,1546416639028,-6.26,6.03,6.81
1,1546416639029,-6.4,5.46,6.66
1,1546416639029,-6.64,5.37,6.48
1,1546416639030,-6.66,5.25,6.83
1,1546416639030,-6.71,5.11,7.14
1,1546416639031,-6.6,5.39,7.46
1,1546416639075,-6.81,5.64,7.75
1,1546416639076,-6.97,5.5,7.34
1,1546416639077,-6.19,6.36,7.03
1,1546416639078,-6.03,6.95,6.5
1,1546416639079,-6.28,7.55,5.87
1,1546416639080,-6.73,7.2,5.85
1,1546416639081,-6.4,6.93,4.8
1,1546416639082,-6.71,6.56,4.25
1,1546416639146,-6.89,6.17,3.63
1,1546416639147,-6.97,6.44,2.48
1,1546416639147,-7.61,6.21,0.93
1,1546416639147,-7.55,6.15,0.23
1,1546416639148,-7.32,5.78,0.01
1,1546416639148,-6.85,5.58,0.15
1,1546416639148,-6.69,5.8,0.85
1,1546416639242,-6.34,5.35,1.73
1,1546416639243,-6.09,4.41,2.34
1,1546416639244,-6.19,4.04,2.65
1,1546416639244,-6.6,4.43,2.98
1,1546416639244,-7.1,5.17,3.3
1,1546416639245,-6.93,4.72,3.49
1,1546416639245,-6.79,4.41,3.71
1,1546416639245,-6.99,4.37,3.57
1,1546416639298,-6.97,4.45,2.94
1,1546416639299,-7.03,4.53,3.0
1,1546416639310,-7.34,3.9,3.65
1,1546416639311,-7.34,3.18,4.41
1,1546416639312,-6.75,3.65,5.37
1,1546416639313,-6.85,4.39,5.66
1,1546416639313,-6.77,4.78,5.97
1,1546416639313,-6.77,4.55,6.11
1,1546416639371,-6.75,4.33,6.34
1,1546416639377,-6.91,4.06,6.44
1,1546416639377,-7.07,3.65,6.52
1,1546416639377,-6.95,3.35,6.6
1,1546416639378,-6.77,3.16,6.58
1,1546416639378,-6.56,3.53,6.17
1,1546416639378,-6.54,3.75,6.01
1,1546416639448,-6.6,3.65,5.85
1,1546416639449,-6.66,3.45,5.6
1,1546416639471,-7.14,3.59,4.76
1,1546416639472,-7.2,3.82,4.27
1,1546416639473,-7.16,4.16,3.88
1,1546416639474,-7.07,4.41,3.51
1,1546416639474,-6.67,4.53,3.33
1,1546416639475,-6.48,4.66,3.33
1,1546416639527,-6.3,4.84,3.45
1,1546416639551,-6.07,4.94,3.67
1,1546416639551,-5.85,4.72,4.06
1,1546416639551,-5.97,4.57,4.12
1,1546416639552,-6.23,4.29,4.37
1,1546416639552,-6.28,3.82,4.7
1,1546416639552,-6.26,3.63,4.96
1,1546416639602,-6.5,4.1,5.07
1,1546416639602,-6.62,4.08,5.03
1,1546416639602,-6.67,3.69,5.01
1,1546416639603,-6.85,3.1,5.25
1,1546416639603,-7.48,2.94,5.62
1,1546416639603,-7.96,3.16,5.83
1,1546416639604,-8.45,3.41,6.03
1,1546416639604,-8.82,3.67,6.42
1,1546416639676,-8.8,4.14,7.26
1,1546416639677,-8.55,4.66,7.48
1,1546416639677,-8.24,5.31,7.61
1,1546416639677,-7.94,5.91,7.42
1,1546416639678,-7.71,6.19,6.64
1,1546416639678,-7.53,5.93,6.07
1,1546416639698,-7.4,5.48,5.48
1,1546416639699,-7.26,4.88,4.94
1,1546416639746,-7.16,4.21,4.37
1,1546416639748,-7.01,3.53,3.76
1,1546416639748,-6.95,3.75,3.67
1,1546416639749,-7.2,3.51,3.55
1,1546416639749,-7.4,3.16,3.61
1,1546416639763,-7.65,3.22,4.04
1,1546416639764,-7.83,3.37,4.23
1,1546416639824,-8.02,3.37,4.55
1,1546416639825,-8.0,3.49,4.84
1,1546416639825,-8.04,4.21,4.96
1,1546416639826,-8.18,4.39,4.86
1,1546416639826,-8.08,4.35,4.86
1,1546416639827,-7.96,4.39,4.94
1,1546416639827,-7.69,4.62,4.96
1,1546416639827,-7.38,4.98,5.0
1,1546416639901,-7.14,4.8,5.07
1,1546416639915,-6.95,4.57,5.21
1,1546416639915,-6.73,4.39,5.31
1,1546416639916,-6.44,3.94,5.48
1,1546416639916,-6.44,3.75,5.52
1,1546416639916,-6.46,3.63,5.52
1,1546416639916,-6.42,3.55,5.56
1,1546416639973,-6.36,3.82,5.37
1,1546416639973,-6.34,4.08,5.31
1,1546416639974,-6.26,4.12,5.27
1,1546416639974,-6.26,3.98,5.25
1,1546416639974,-6.19,3.78,5.29
1,1546416639974,-6.23,4.16,5.23
1,1546416639975,-6.28,4.47,5.19
1,1546416639975,-6.46,4.58,5.11
1,1546416640051,-7.01,4.14,5.19
1,1546416640051,-7.38,4.19,5.25
1,1546416640052,-7.73,4.58,5.13
1,1546416640052,-8.12,4.94,5.0
1,1546416640052,-8.43,5.0,5.03
1,1546416640069,-8.51,4.66,5.17
1,1546416640069,-8.39,4.78,5.17
1,1546416640069,-8.26,5.01,5.13
1,1546416640122,-8.22,5.03,5.23
1,1546416640123,-7.85,4.29,5.41
1,1546416640123,-7.77,4.19,5.41
1,1546416640134,-7.69,4.19,5.37
1,1546416640135,-7.67,4.21,5.23
1,1546416640135,-7.67,3.88,5.03
1,1546416640136,-7.67,3.67,4.98
1,1546416640197,-7.71,3.59,4.88
1,1546416640198,-7.73,3.75,4.86
1,1546416640199,-7.59,4.08,4.98
1,1546416640219,-7.51,4.14,5.03
1,1546416640220,-7.38,4.14,4.98
1,1546416640220,-7.34,4.16,4.94
1,1546416640220,-7.26,4.08,4.88
1,1546416640220,-7.2,3.98,4.76
1,1546416640273,-7.32,4.1,4.74
1,1546416640275,-7.38,4.1,4.66
1,1546416640276,-7.36,3.98,4.82
1,1546416640277,-7.26,4.17,4.84
1,1546416640278,-7.22,4.23,4.86
1,1546416640278,-7.2,4.02,4.96
1,1546416640279,-7.18,3.75,5.05
1,1546416640349,-7.24,3.63,5.07
1,1546416640351,-7.3,3.67,5.11
1,1546416640352,-7.4,3.82,5.17
1,1546416640353,-7.5,3.92,5.17
1,1546416640354,-7.63,4.08,5.07
1,1546416640355,-7.73,4.17,4.96
1,1546416640356,-7.69,4.25,4.92
1,1546416640357,-7.67,4.35,4.88
1,1546416640427,-7.69,4.39,4.96
1,1546416640428,-7.5,4.37,5.13
1,1546416640429,-7.48,4.35,5.21
1,1546416640430,-7.42,4.41,5.21
1,1546416640447,-7.4,4.37,5.17
1,1546416640506,-7.48,4.37,5.19
1,1546416640506,-7.5,4.35,5.23
1,1546416640506,-7.5,4.29,5.25
1,1546416640506,-7.51,4.31,5.17
1,1546416640507,-7.57,4.19,5.13
1,1546416640507,-7.51,4.06,5.19
1,1546416640507,-7.57,3.8,5.25
1,1546416640507,-7.61,3.67,5.39
1,1546416640572,-7.69,3.75,5.6
1,1546416640572,-8.22,3.49,6.91
1,1546416640572,-8.43,3.41,7.38
1,1546416640573,-8.8,3.45,7.67
1,1546416640573,-9.37,3.63,8.1
1,1546416640573,-9.8,3.51,8.22
1,1546416640573,-10.21,3.63,8.1
1,1546416640574,-10.46,3.9,7.91
1,1546416640663,-10.7,4.39,7.71
1,1546416640664,-10.46,4.06,7.67
1,1546416640664,-9.94,4.0,7.55
1,1546416640664,-9.62,3.71,7.24
1,1546416640664,-8.67,2.46,6.17
1,1546416640664,-8.04,1.67,5.68
1,1546416640664,-7.34,1.42,5.27
1,1546416640665,-6.6,1.69,4.86
